49 59
87 16
71 10
23 6
53 81
5 44
44 1
65 80
56 81
39 84
95 63
21 95
19 46
22 18
49 7
36 23
57 41
49 34
40 68
14 84
37 52
97 87
64 94
71 64
21 87
29 65
96 0
82 3
94 57
25 41
63 3
48 35
44 13
38 32
88 35
73 76
87 30
84 2
96 30
18 22
33 65
77 76
28 10
7 32
4 0
23 32
84 17
27 4
48 91
64 65
86 76
78 46
41 70
16 98
65 19
54 56
41 45
82 89
89 45
39 56
36 15
60 66
91 5
16 53
19 83
89 90
89 50
6 68
4 30
56 82
95 91
24 20
26 81
0 86
31 1
23 83
78 83
30 97
63 43
27 33
35 59
41 5
20 66
26 66
90 71
51 81
14 63
84 84
4 59
37 84
86 9
43 82
85 32
10 39
76 67
65 58
62 27
73 96
56 1
83 83
43 18
59 95
89 42
1 24
74 40
49 8
91 71
78 33
76 19
92 23
73 57
26 53
12 88
7 21
51 43
14 58
96 51
19 96
12 96
1 90
24 40
28 21
97 46
78 32
9 98
92 3
63 15
66 4
82 92
58 86
86 24
37 83
33 94
52 47
14 83
59 76
59 75
13 70
72 67
88 26
53 97
17 52
44 35
30 23
22 52
25 17
26 27
25 44
12 12
95 95
19 52
98 46
26 26
67 38
1 9
79 23
4 81
37 93
27 47
7 18
75 38
83 68
70 29
73 8
34 23
22 57
48 22
30 42
86 14
78 30
96 76
92 41
97 53
37 18
79 33
55 49
80 50
44 93
57 92
81 92
40 41
54 50
47 87
25 49
45 27
34 15
86 23
80 34
98 49
52 62
17 10
92 67
89 57
3 90
87 5
81 22
66 57
23 26
86 43
75 13
5 16
5 5
83 62
93 36
73 23
13 38
36 25
14 29
27 9
64 19
7 82
71 81
51 9
38 45
14 34
88 71
33 24
3 82
39 96
97 71
47 73
4 39
12 13
76 72
57 62
91 52
69 78
70 57
81 98
81 24
82 55
83 70
27 57
90 38
13 58
24 21
51 3
83 75
58 56
84 29
95 9
48 55
89 80
34 91
7 27
83 13
12 65
10 69
X
95 57
87 23
37 15
97 94
58 6
86 38
60 67
76 41
61 76
6 9
53 21
18 79
16 56
51 61
24 68
96 77
71 33
96 15
33 82
10 25
73 3
4 63
93 89
97 26
16 11
46 35
8 87
17 48
86 65
21 65
21 24
12 19
94 36
67 58
37 23
89 94
63 55
39 19
53 96
15 0
12 56
75 76
5 14
73 30
29 52
30 25
62 30
24 88
11 47
53 37
80 32
51 48
75 89
59 6
96 43
57 52
44 42
94 53
9 48
43 39
39 91
75 75
88 68
58 16
93 2
22 47
89 36
75 57
59 68
73 4
55 24
5 88
97 68
13 93
60 84
39 20
60 90
7 79
45 0
57 14
41 9
44 46
5 8
40 34
47 64
61 62
82 56
44 11
66 33
76 0
70 60
26 52
40 84
51 59
4 56
17 88
95 90
10 59
43 54
X
78 28
10 1
22 66
50 59
57 39
19 55
46 47
3 7
89 1
30 90
47 81
4 17
41 88
70 22
92 54
5 64
10 92
27 43
93 93
70 74
15 84
70 70
27 8
31 19
77 28
84 40
53 63
92 60
41 6
34 86
0 60
56 49
76 59
54 69
43 85
60 55
52 77
66 60
68 22
81 12
67 87
90 66
9 45
38 64
49 92
25 38
54 84
59 56
88 18
73 45
47 18
26 62
95 55
8 67
0 20
66 71
87 56
69 58
42 42
70 55
69 7
54 74
29 49
78 85
81 54
32 15
22 81
44 68
59 47
31 82
87 93
84 94
84 75
91 67
13 94
28 68
29 31
97 85
95 27
41 12
13 53
53 13
87 87
98 9
69 28
54 14
8 9
91 58
60 72
50 74
54 48
44 69
13 29
28 59
89 15
68 11
30 44
56 43
39 73
52 53
14 62
88 11
92 43
98 1
64 71
3 18
93 12
26 80
15 19
50 78
25 12
56 65
2 45
59 94
13 50
97 32
53 36
90 37
97 1
33 15
52 72
69 49
13 82
39 60
74 23
15 38
67 7
1 67
7 26
73 89
75 9
29 41
14 3
90 30
55 92
87 15
30 55
37 22
81 56
66 29
14 68
71 46
36 84
98 16
45 5
22 67
54 85
82 39
15 61
6 51
23 80
56 89
50 89
2 47
97 80
49 41
86 61
73 71
45 46
37 59
66 19
23 50
89 13
43 76
55 54
77 68
82 52
4 21
86 12
66 96
66 2
33 52
97 50
95 10
71 2
54 31
66 32
50 70
36 89
1 63
92 96
36 17
14 49
48 66
92 30
94 76
77 52
80 97
74 10
96 90
48 46
42 61
7 36
98 33
54 17
13 83
80 79
89 71
89 14
14 53
46 50
36 20
51 69
85 77
86 73
37 76
98 84
2 46
21 30
81 28
16 18
74 30
38 62
94 21
12 62
25 82
27 79
0 10
87 79
45 28
88 70
76 88
43 15
96 40
28 67
52 3
66 27
21 23
18 72
26 49
11 85
13 13
98 92
23 78
54 73
14 20
66 88
71 50
77 50
89 46
27 66
63 37
67 44
18 92
32 1
67 43
90 52
7 87
3 73
36 67
31 34
88 89
73 34
12 11
63 1
85 33
40 15
50 76
34 17
81 75
97 44
67 96
27 62
24 19
96 69
21 64
33 33
86 40
43 33
69 5
85 68
69 57
51 79
27 80
61 59
77 12
98 95
4 22
31 6
57 7
27 30
80 71
97 34
86 34
87 50
74 84
74 57
74 77
66 23
61 24
6 59
78 29
53 91
1 91
57 46
66 52
93 30
3 70
20 17
52 45
52 29
6 65
88 56
41 42
16 14
55 56
51 42
18 80
11 2
12 4
79 55
32 79
6 48
78 56
44 47
10 36
5 96
94 34
87 11
82 13
30 1
3 58
22 45
67 52
72 59
36 92
92 21
72 64
36 79
90 45
15 7
74 79
83 20
90 53
39 77
68 78
5 47
86 33
18 51
68 89
28 64
81 55
11 9
58 22
40 67
88 91
2 66
52 25
56 8
30 54
24 35
45 77
61 64
59 15
81 50
76 17
69 40
18 18
83 14
55 75
50 63
12 43
28 34
8 25
61 23
94 10
86 6
2 10
85 37
53 39
12 38
74 2
65 87
81 10
68 52
6 61
94 24
55 16
66 90
83 93
98 93
89 82
38 75
63 93
87 1
61 46
98 61
32 70
36 93
24 92
74 74
30 40
37 29
20 95
5 0
5 56
41 7
87 28
5 98
42 81
80 88
11 46
33 36
23 59
24 44
49 33
32 81
62 38
33 39
53 54
42 2
84 98
46 60
49 82
7 86
92 55
69 80
81 20
24 37
37 97
87 81
48 94
49 16
34 77
28 69
64 89
66 59
81 90
85 36
57 63
8 54
10 22
12 72
18 90
77 77
78 18
82 22
33 95
0 46
89 55
21 13
49 13
70 98
38 26
38 60
36 16
22 78
36 63
83 1
57 13
94 91
34 46
56 39
45 36
29 5
75 36
7 90
61 57
37 73
72 32
57 79
15 74
75 80
54 13
17 56
54 46
49 44
65 74
32 49
75 60
86 29
26 61
56 62
12 20
17 59
59 86
22 19
5 58
18 33
14 17
72 95
59 81
79 2
5 31
41 1
45 39
15 65
28 86
51 60
65 71
93 83
48 67
45 41
47 77
4 2
14 33
6 50
43 72
7 81
59 28
65 52
42 57
84 59
79 81
29 78
55 76
90 16
13 17
26 47
90 56
67 82
90 20
92 45
24 80
29 3
51 29
73 53
81 57
14 87
18 81
58 11
47 46
57 53
44 9
38 92
83 92
39 43
55 60
22 62
55 94
22 98
93 3
50 18
77 59
59 35
53 11
61 81
87 98
3 31
71 73
48 97
10 41
55 70
67 23
95 44
92 28
38 89
22 87
50 41
83 50
75 32
19 88
76 62
18 16
32 64
57 74
66 47
70 24
23 76
X
76 43
21 46
43 61
55 38
63 72
45 45
60 33
66 73
32 17
28 46
73 29
25 31
27 84
49 28
82 40
93 55
27 22
9 93
83 77
92 81
15 60
35 86
85 19
41 66
65 98
60 24
89 38
14 24
20 64
39 18
63 2
X
98 3
39 66
20 7
71 63
55 90
39 0
84 67
73 79
10 45
4 60
83 60
32 55
79 92
96 59
3 80
26 64
17 11
15 79
64 3
8 86
57 65
43 92
44 91
75 40
47 51
34 47
50 29
1 98
57 80
31 33
81 45
80 90
5 83
64 40
64 62
68 37
44 24
4 61
79 17
41 94
87 2
75 93
27 49
71 76
31 46
51 24
56 85
52 9
63 64
69 39
X
12 92
14 36
39 33
30 14
12 87
42 85
7 95
49 73
44 20
45 33
34 14
60 41
34 26
64 76
92 68
19 13
7 13
22 5
43 17
75 43
90 13
72 36
61 40
93 28
65 7
58 40
28 31
57 32
36 41
8 92
97 69
72 13
38 85
89 70
93 51
0 58
10 89
91 53
96 9
60 35
19 21
59 17
72 74
77 65
84 28
48 24
80 46
21 67
88 24
6 56
10 49
10 11
23 29
18 3
4 96
71 31
34 11
70 6
66 70
62 40
35 79
47 69
66 72
42 76
1 95
6 82
69 9
68 79
26 40
15 86
46 29
47 38
24 85
24 13
46 71
50 43
92 66
59 62
44 40
92 42
22 93
38 77
82 68
53 77
8 51
90 55
39 22
62 76
98 7
9 12
31 0
57 22
5 11
25 52
94 29
72 28
22 38
13 81
9 68
85 41
44 6
43 47
84 23
14 10
97 33
36 46
98 25
87 18
81 84
83 97
98 69
59 11
88 55
79 82
74 59
76 81
36 71
43 31
16 93
34 87
38 29
15 68
30 50
80 82
2 61
78 17
55 58
2 94
73 19
42 93
9 56
5 63
80 85
21 8
46 52
79 90
16 13
54 2
52 54
49 61
25 86
47 58
55 48
44 17
91 51
80 3
71 28
5 29
36 11
51 2
53 73
8 65
60 59
57 85
49 37
15 21
92 40
51 54
91 95
90 93
38 7
8 95
30 29
71 9
26 10
13 72
34 80
18 35
32 51
12 59
31 97
31 67
49 79
27 13
11 16
20 92
60 18
72 0
48 21
40 56
91 42
78 44
80 33
78 20
47 91
79 12
40 87
23 96
92 88
90 41
58 14
69 52
64 17
95 62
25 48
33 23
92 37
72 35
62 77
15 49
21 20
77 38
26 3
12 42
71 13
77 1
10 97
60 47
22 40
72 88
3 89
56 26
95 33
6 93
36 83
49 96
46 54
32 42
95 59
38 42
14 26
95 32
91 60
72 10
16 3
37 56
37 13
93 90
35 36
5 35
18 73
55 83
17 75
19 95
44 15
57 38
21 54
35 20
73 7
61 78
82 83
93 63
96 54
4 82
17 95
12 71
53 79
37 34
X
83 65
39 88
64 80
84 5
84 19
70 27
29 77
55 14
45 52
70 65
65 86
43 8
58 61
47 42
50 53
30 6
7 40
60 74
15 54
16 42
14 8
59 82
98 67
47 36
84 86
70 12
38 34
81 44
23 16
81 7
9 14
59 27
72 31
49 50
64 84
43 81
91 33
55 84
62 35
49 38
93 81
52 95
43 77
88 25
56 63
91 22
66 31
0 45
39 67
11 53
11 28
44 89
67 32
33 7
2 1
40 50
35 22
47 10
89 35
35 48
51 18
97 24
97 64
2 89
7 35
57 21
2 34
68 61
26 37
49 69
93 92
26 23
15 47
78 23
17 80
28 25
12 84
95 88
19 41
32 6
33 75
68 25
74 34
X
29 72
75 63
8 13
85 92
18 10
84 51
55 93
43 90
61 71
86 21
85 38
23 15
66 42
8 36
2 18
92 14
92 89
48 71
60 63
77 84
10 3
24 48
13 9
43 95
0 97
30 5
1 69
13 39
61 56
21 27
23 65
97 56
30 89
40 73
97 65
55 25
53 69
14 2
74 37
66 22
38 91
43 50
71 75
7 51
15 57
25 22
48 72
41 17
78 1
97 49
58 55
84 4
24 29
89 64
28 16
82 53
68 87
69 29
40 89
66 46
59 55
82 49
36 47
11 74
45 53
28 18
50 37
97 90
23 24
44 19
11 34
55 43
57 37
96 44
68 32
60 3
65 40
22 55
70 36
26 97
18 45
82 58
60 1
80 15
9 71
7 68
71 48
64 60
2 69
90 82
13 47
6 37
81 18
7 61
11 43
10 91
52 8
21 79
70 43
11 65
91 50
77 37
72 49
74 17
37 61
3 86
20 29
16 57
74 51
73 72
95 56
97 17
81 6
51 19
72 22
98 11
34 33
74 58
20 8
23 22
34 38
13 37
91 38
78 86
47 20
51 89
78 96
47 98
29 71
11 93
66 30
4 35
74 27
9 96
68 21
53 58
4 9
25 6
23 97
35 57
16 60
27 85
3 22
13 92
3 50
82 96
48 29
14 79
69 98
46 65
73 80
81 21
73 60
87 71
46 36
73 22
28 5
74 35
94 0
51 63
72 73
37 44
30 41
73 61
96 24
52 22
63 16
12 30
9 65
92 57
97 8
5 69
3 68
84 63
66 7
13 18
23 13
70 47
57 88
59 18
89 75
10 15
56 46
39 34
57 10
20 80
10 42
43 38
9 36
21 34
34 55
20 77
49 97
25 7
74 81
71 82
50 2
37 70
73 32
4 24
89 39
18 2
18 40
72 3
71 60
4 41
61 35
55 20
6 77
70 35
8 18
84 6
86 35
40 14
5 13
62 94
3 16
66 18
73 56
37 11
3 55
70 23
48 39
77 79
28 62
46 56
29 57
78 59
26 89
18 96
97 70
52 90
24 77
97 45
75 37
92 34
46 79
23 91
4 26
10 74
51 71
7 33
42 68
50 13
74 55
76 58
26 59
49 56
48 68
91 76
42 96
2 73
42 56
5 26
70 71
24 52
25 97
21 47
94 31
65 54
50 17
50 47
71 36
49 45
48 78
9 11
15 5
91 40
91 65
20 11
68 44
0 66
50 36
87 31
64 61
50 56
66 81
54 39
77 64
16 70
20 33
25 24
89 40
71 1
21 73
95 83
17 90
20 2
35 14
67 83
29 8
82 33
94 20
41 23
89 54
62 37
93 29
51 52
97 51
55 31
17 73
19 14
75 73
44 25
33 74
80 13
93 66
76 34
33 93
47 24
75 59
17 4
78 80
80 77
65 41
83 4
33 92
49 63
49 24
65 47
77 62
38 47
50 90
58 64
17 92
45 81
54 42
96 91
23 19
88 90
62 46
4 97
64 38
82 8
56 21
88 80
46 17
24 76
49 90
84 35
53 67
27 76
49 18
97 9
90 83
54 4
74 82
48 42
11 84
38 74
44 62
2 88
52 57
50 75
61 27
67 4
62 10
26 32
94 56
X
79 72
74 29
13 41
28 26
22 23
77 9
41 24
97 23
58 95
78 54
2 13
18 89
60 54
85 84
85 60
44 21
89 93
36 61
33 25
95 40
92 13
98 26
17 49
26 6
59 24
17 27
87 88
48 54
25 42
66 25
90 98
24 55
94 60
83 35
4 10
95 31
7 49
83 89
5 50
48 93
78 60
39 54
42 21
42 70
50 6
10 94
29 29
46 40
72 93
7 54
88 43
1 93
10 35
75 0
85 76
74 7
35 66
5 37
70 3
83 79
86 46
79 34
19 5
24 67
11 62
59 25
93 22
14 59
40 85
17 19
94 22
81 91
40 83
25 18
95 29
4 25
32 85
18 43
50 68
79 16
2 68
19 43
96 72
28 48
42 69
12 9
12 85
67 31
47 88
30 52
48 70
29 23
40 20
8 94
69 92
15 85
36 19
92 56
1 88
41 65
X
59 72
34 74
4 29
87 41
45 47
57 2
78 68
11 21
64 45
15 14
73 78
26 54
56 12
10 12
82 7
66 64
94 80
35 75
37 86
36 69
31 38
34 27
83 47
41 62
55 78
43 21
44 31
10 40
83 8
13 85
15 6
1 45
76 79
98 87
43 93
75 10
65 57
73 39
37 90
46 91
71 12
13 4
96 92
78 45
94 69
41 26
68 90
64 28
80 44
97 79
15 12
58 37
44 79
15 80
50 46
0 53
X
72 20
18 53
42 37
90 32
46 55
93 40
54 26
51 10
54 3
80 14
65 96
33 60
16 71
75 61
19 9
97 48
39 86
16 41
17 65
51 23
37 49
25 68
7 88
87 17
95 37
48 19
60 39
78 66
66 20
89 31
6 7
81 34
56 6
83 57
97 2
90 25
86 74
36 94
49 47
56 20
86 2
78 47
84 12
77 42
53 26
81 97
72 54
96 48
54 11
39 38
47 78
34 31
2 96
5 41
86 7
6 96
68 31
42 3
1 57
15 20
50 65
97 38
62 49
48 48
86 80
30 48
31 21
32 47
96 53
26 38
16 0
85 73
64 86
76 86
49 21
16 15
68 94
0 64
28 20
26 90
47 15
55 63
24 81
94 9
33 29
23 20
7 12
41 69
14 65
30 36
59 63
56 36
95 3
63 12
3 64
70 21
42 94
62 64
10 76
92 12
36 36
4 4
21 70
36 66
33 35
27 87
41 40
91 62
39 46
53 86
29 20
6 13
79 67
40 42
8 89
77 14
76 38
35 18
0 93
47 21
76 61
88 94
2 9
29 51
8 28
31 63
97 39
23 39
32 32
38 46
39 48
52 98
18 13
1 70
95 69
71 95
43 3
94 64
83 84
86 78
38 94
91 93
64 42
88 51
72 40
65 75
83 73
95 80
77 85
54 94
34 21
84 38
30 19
57 11
13 88
78 16
96 93
68 47
12 44
81 31
41 27
97 95
15 33
31 16
46 42
60 83
86 85
12 64
52 78
10 65
90 69
84 68
47 72
56 45
89 22
56 51
3 19
90 74
52 39
97 37
54 12
93 33
29 34
11 29
98 65
41 43
39 89
9 51
93 67
58 77
25 87
49 52
83 39
77 40
70 73
86 55
7 22
32 25
34 76
98 66
18 54
96 23
74 25
79 83
28 71
84 85
55 27
98 57
53 89
39 30
11 60
54 71
23 71
87 90
16 27
87 95
70 56
45 80
10 46
23 93
15 26
40 10
93 38
71 65
57 71
71 49
66 21
9 40
83 82
20 25
62 56
61 70
43 96
37 81
11 49
40 88
53 95
63 53
33 88
74 72
64 6
79 96
79 94
58 18
22 29
1 56
67 88
69 79
47 11
91 84
46 92
66 80
97 84
67 98
37 33
98 0
87 51
4 16
50 23
32 36
52 44
87 33
50 40
35 83
14 38
13 74
87 82
23 8
55 33
10 82
49 46
57 27
57 20
30 53
84 66
34 28
55 77
96 82
18 7
12 90
7 72
77 10
20 38
4 33
7 16
26 9
23 31
3 81
46 7
37 19
66 41
3 66
6 3
2 82
91 85
63 19
70 7
78 3
32 63
54 37
83 17
36 33
6 71
94 72
43 78
51 47
72 76
28 23
54 27
65 92
9 92
23 61
30 85
45 86
6 66
23 12
33 79
4 37
86 82
27 32
6 15
96 56
8 37
68 48
15 83
96 71
20 16
2 23
44 5
25 91
51 75
84 76
29 26
93 59
56 58
79 28
37 78
71 92
43 2
77 81
41 15
84 13
47 12
45 79
89 96
1 60
0 73
X
21 68
73 75
88 16
61 15
7 30
89 58
61 52
73 49
5 39
92 63
48 81
2 98
17 51
35 31
61 94
56 91
30 82
74 95
91 83
30 84
76 92
12 0
8 21
79 54
60 91
9 84
44 61
83 90
5 3
7 19
57 72
2 58
20 96
85 44
75 71
98 34
59 78
85 74
65 33
68 83
6 25
93 34
5 84
43 89
28 60
47 9
93 73
32 98
33 50
7 85
7 25
81 83
29 56
79 47
90 14
0 55
11 18
46 62
11 55
6 36
51 49
30 16
37 14
71 37
23 79
95 46
38 70
38 86
44 14
49 40
16 95
39 92
20 74
7 74
69 35
54 57
7 66
40 19
79 68
98 38
45 12
78 36
76 64
56 2
64 98
77 49
49 36
4 48
26 39
52 30
5 6
71 44
87 53
83 16
8 56
89 91
56 80
33 45
67 93
81 88
43 23
93 39
58 59
56 60
36 82
79 36
45 54
90 77
72 57
20 76
5 93
17 81
7 6
96 64
69 61
26 42
43 11
6 27
36 40
66 93
42 82
88 46
10 60
39 75
34 70
12 63
72 25
36 0
20 44
54 16
8 64
81 70
92 15
23 94
51 70
98 45
75 52
30 67
45 30
5 45
75 8
9 32
76 36
50 66
55 72
76 83
47 53
72 48
94 3
77 16
57 4
8 42
16 51
53 56
61 61
73 93
65 44
67 8
7 14
69 21
50 88
15 40
52 92
8 32
9 42
88 84
82 98
44 36
16 35
26 83
26 44
90 21
21 61
32 91
91 82
66 86
9 47
59 61
55 91
62 90
87 63
0 81
91 19
20 53
56 32
43 48
61 38
15 93
17 35
66 74
86 79
37 35
41 63
11 64
56 24
89 0
39 87
54 78
0 52
79 1
77 20
37 47
70 94
79 56
51 55
45 88
71 79
59 89
16 29
89 6
24 22
42 79
64 48
47 35
4 40
35 8
62 89
42 75
62 6
37 26
69 66
17 12
67 21
90 34
66 94
26 60
85 43
93 94
40 51
59 48
77 66
26 24
74 73
54 95
10 55
29 82
5 42
38 59
74 1
38 11
34 58
21 22
85 98
25 23
55 2
8 48
50 92
21 15
2 64
26 18
69 63
39 55
24 17
8 5
41 59
33 59
43 36
53 38
84 95
57 40
73 88
73 87
50 91
71 91
47 23
39 71
8 26
34 25
66 3
16 48
82 65
26 34
72 56
6 83
66 92
19 51
91 12
42 20
72 68
19 20
61 10
95 92
31 35
46 43
35 42
42 50
4 55
91 21
75 44
86 15
63 48
63 36
25 76
38 16
48 59
60 76
58 96
25 57
21 53
52 23
38 43
14 35
87 66
40 74
80 10
12 23
21 35
9 91
57 93
38 17
83 22
4 67
54 64
6 6
51 35
53 51
63 67
97 21
91 24
11 73
48 2
10 72
3 25
85 63
8 78
29 40
80 78
88 50
69 51
80 68
25 98
44 53
17 98
49 15
25 35
1 73
66 87
50 34
89 86
96 27
45 20
60 2
72 46
47 45
59 23
2 32
81 9
3 67
12 69
70 68
19 8
24 11
36 81
50 60
45 90
17 58
62 62
92 85
0 48
17 68
53 22
81 46
76 56
64 81
22 11
84 39
25 25
17 41
71 78
83 32
44 82
17 24
69 44
91 69
17 9
28 53
67 53
97 55
97 3
46 46
14 70
56 83
73 21
5 85
42 86
91 57
77 32
38 93
63 17
85 42
86 63
79 37
15 16
7 17
63 94
91 46
12 22
13 44
7 3
30 77
57 56
52 38
87 13
31 18
22 53
83 66
93 43
45 62
5 59
73 37
93 31
10 66
4 5
82 95
13 73
26 68
3 98
93 11
29 36
86 36
71 27
32 60
7 91
83 3
33 69
3 29
17 89
44 18
79 63
47 56
64 18
19 67
25 80
59 87
82 38
93 76
84 56
6 5
39 78
68 75
37 64
44 55
57 87
7 60
61 48
26 70
28 2
8 14
39 70
7 94
22 34
75 62
79 91
63 10
45 91
23 21
44 30
54 59
31 69
60 69
46 61
55 39
78 10
16 4
68 39
46 59
46 58
74 32
16 73
0 94
38 80
98 42
60 6
60 57
16 61
10 98
81 1
21 85
27 81
89 77
72 50
30 4
35 28
64 63
30 20
20 52
63 42
13 54
27 44
85 66
55 53
81 73
76 12
84 50
84 64
94 12
60 37
13 34
46 76
98 29
62 83
62 73
11 75
3 69
5 71
66 63
22 77
91 55
61 92
20 57
7 5
3 56
22 17
32 59
14 72
21 14
11 13
9 46
5 15
16 8
78 71
43 66
79 86
91 25
6 74
92 36
76 15
78 37
6 88
91 73
16 76
69 20
8 10
74 46
33 62
72 29
25 72
32 39
77 70
40 5
14 55
69 65
63 9
38 22
51 68
47 79
98 24
14 90
2 53
16 55
48 87
65 83
56 10
61 9
38 35
4 1
89 20
35 9
89 17
15 92
94 33
91 30
22 76
93 15
85 54
66 84
30 18
14 50
41 39
87 86
64 82
28 61
98 62
60 82
15 56
65 55
51 6
24 45
88 57
9 41
89 34
40 39
35 11
79 59
75 25
X
72 70
76 65
23 52
16 96
76 14
58 91
2 11
82 81
94 39
53 66
41 20
35 29
9 64
95 48
17 78
56 4
12 8
56 22
14 75
90 33
0 87
78 75
73 63
91 37
35 84
97 36
3 76
36 58
86 10
93 41
12 36
34 24
59 74
25 37
98 17
45 94
19 34
4 20
83 69
X
75 64
87 20
73 62
72 53
70 38
9 3
80 96
63 44
48 15
4 52
29 96
63 41
5 78
82 57
71 72
70 83
41 60
72 19
57 31
72 26
82 32
24 18
7 1
2 28
6 4
16 90
76 85
91 59
52 20
35 38
7 39
69 25
97 81
52 80
66 50
13 8
39 1
37 30
22 2
79 66
22 63
49 29
49 60
73 14
82 34
14 21
64 37
22 94
64 55
6 44
41 89
71 80
55 73
48 8
98 91
96 47
24 4
9 87
94 78
50 21
53 29
72 63
9 2
80 59
66 51
33 80
77 83
62 75
85 75
59 10
77 15
29 85
46 96
63 24
41 76
47 19
49 67
12 91
2 72
81 0
83 87
85 11
59 57
78 9
33 71
54 80
96 31
44 27
29 79
30 17
68 92
1 47
49 93
76 35
58 41
18 0
11 27
61 63
26 11
82 19
25 85
15 59
38 52
39 74
71 58
50 73
88 4
91 41
18 6
53 93
38 19
95 82
76 20
88 65
29 33
2 35
54 45
96 3
65 64
29 84
13 20
44 57
68 55
14 61
12 61
16 50
8 90
13 12
25 90
66 91
23 4
90 97
33 37
85 17
5 19
92 38
63 84
3 17
72 96
24 47
89 92
75 29
64 1
51 91
22 79
97 19
29 44
82 67
56 59
63 31
63 49
10 19
61 41
92 64
44 78
95 41
89 52
79 78
31 17
43 6
19 18
81 36
46 87
48 38
88 14
6 79
88 22
20 23
44 34
38 56
81 78
7 20
12 68
63 23
38 36
68 23
64 24
72 9
X
68 29
7 23
85 53
56 90
20 22
91 15
44 66
42 18
47 14
65 39
88 7
8 74
92 51
78 19
19 78
44 83
84 83
12 97
59 52
96 25
28 85
34 62
21 92
95 81
25 92
30 0
25 43
94 90
71 74
56 48
63 86
53 64
44 26
62 79
17 3
32 75
61 88
33 32
28 76
15 13
34 45
17 70
71 54
68 26
71 57
49 66
64 64
52 89
53 42
20 35
54 28
47 48
22 20
95 4
19 72
60 48
3 28
44 10
72 27
80 86
22 4
1 58
58 3
91 96
59 33
10 63
7 70
50 50
76 4
43 65
8 79
80 49
9 78
84 57
55 41
44 33
37 94
18 91
84 32
74 83
82 10
78 91
34 48
13 75
44 28
95 24
66 55
90 86
90 68
31 74
45 7
13 35
59 83
41 22
3 38
62 29
38 81
81 26
9 23
96 14
47 92
57 95
40 82
59 80
90 67
80 64
54 97
52 58
70 58
45 56
37 51
19 23
89 32
3 9
16 17
82 76
73 82
10 54
29 39
78 53
13 15
56 84
23 18
45 71
73 50
20 83
11 71
13 7
28 1
13 10
1 43
53 27
86 31
92 82
58 74
62 72
75 6
6 81
89 44
30 78
28 40
60 77
75 58
66 65
69 96
91 86
69 23
8 6
88 23
86 45
39 49
83 28
94 62
65 51
79 69
20 3
53 84
33 55
12 27
52 40
83 21
90 92
68 28
27 45
41 79
20 28
44 8
47 76
82 51
86 88
20 56
27 1
52 17
32 54
69 31
62 59
70 9
25 77
15 18
61 25
78 89
47 55
37 1
78 61
57 98
86 86
25 34
74 33
93 42
31 89
26 36
16 49
55 87
72 1
12 98
85 22
47 30
27 29
88 98
79 85
16 79
38 73
14 52
78 84
67 76
6 97
26 14
28 66
79 46
12 16
58 66
74 5
96 75
49 94
40 17
11 10
38 41
86 5
47 50
28 41
39 29
82 97
8 8
30 8
73 94
85 65
4 34
13 56
6 63
62 55
98 12
84 73
93 24
51 22
47 85
24 23
9 81
45 50
21 41
93 57
97 62
85 39
36 27
51 74
83 64
41 68
74 85
61 91
30 34
60 89
78 8
87 91
9 95
50 11
76 90
23 36
95 76
91 6
3 96
63 8
56 57
33 49
53 47
25 33
21 66
96 96
69 94
0 59
33 68
91 0
34 56
10 88
81 68
35 87
25 83
36 60
72 44
18 34
8 22
8 55
47 37
91 18
85 30
9 80
48 65
20 79
65 66
25 88
12 37
82 86
19 45
71 93
62 74
6 78
82 66
73 74
93 64
89 81
97 27
3 53
12 54
63 57
81 14
29 24
23 92
36 26
19 75
57 84
8 34
70 37
10 62
94 45
56 73
35 32
59 88
58 39
42 19
X
92 4
92 74
54 20
6 12
81 79
42 88
41 18
54 15
54 36
81 80
5 27
6 67
26 7
27 73
5 86
89 5
83 48
22 33
63 30
1 29
66 8
34 52
51 96
23 53
96 63
15 87
66 82
24 25
24 89
48 17
90 84
47 33
52 5
48 89
44 56
65 31
86 77
52 79
56 92
45 15
71 24
29 98
90 43
49 11
30 56
18 17
42 12
38 12
84 88
78 81
68 43
77 43
45 96
60 28
62 67
11 42
82 75
16 9
2 56
10 57
19 44
53 19
64 43
48 47
78 95
21 31
44 95
41 8
24 87
79 49
9 59
24 9
93 56
9 39
49 64
38 14
17 1
98 13
96 85
87 77
21 69
55 61
93 14
36 42
75 28
18 1
23 42
95 89
34 20
47 80
8 84
3 10
91 74
0 51
38 18
17 77
8 38
6 64
59 22
14 64
4 27
93 6
52 10
57 44
22 6
65 70
45 51
12 45
40 86
13 96
75 55
31 41
93 82
24 28
4 6
34 92
59 73
95 97
70 52
95 2
91 1
8 45
29 47
25 21
34 39
70 30
10 43
16 5
31 36
96 78
28 13
33 51
25 89
53 14
45 83
54 72
5 43
65 30
50 85
32 74
48 63
22 73
20 82
58 73
88 77
18 56
84 21
6 19
84 81
66 6
89 65
85 83
13 71
19 16
58 45
97 72
12 40
26 55
87 4
69 37
87 22
58 76
45 58
62 47
61 0
65 72
62 57
78 65
79 73
76 76
59 90
6 87
7 89
70 97
69 47
16 54
5 38
79 93
95 0
16 78
31 31
30 31
34 36
47 67
74 98
67 47
35 93
97 0
36 22
21 9
53 7
98 74
41 46
54 23
61 74
44 67
59 4
38 13
96 46
0 13
79 62
0 76
51 90
44 59
2 91
54 25
35 68
12 86
98 82
9 44
94 68
7 48
3 83
79 21
39 25
98 80
66 95
69 70
98 89
69 24
56 0
45 35
84 33
78 78
39 79
45 29
56 67
34 89
75 53
70 13
15 42
96 83
53 75
19 24
95 74
55 34
46 88
45 55
39 37
49 70
82 21
43 25
46 9
66 44
0 70
90 91
75 56
31 75
47 86
15 55
37 96
46 94
23 34
83 19
8 82
49 3
31 3
53 5
88 6
38 50
21 40
37 25
1 92
10 77
73 51
68 62
32 66
12 83
57 29
8 68
91 68
68 53
94 6
51 17
24 73
7 37
77 36
97 25
2 77
27 46
15 35
27 61
27 65
43 34
89 51
83 6
38 21
48 44
93 20
13 84
72 45
65 91
40 55
74 86
42 83
85 40
5 49
98 64
6 95
61 8
83 25
82 82
77 72
82 79
8 97
74 56
47 31
1 23
21 1
69 91
52 24
61 11
18 82
68 71
76 98
71 47
45 61
2 81
79 57
22 80
58 47
85 67
90 31
2 97
75 23
24 31
67 84
62 61
66 36
85 91
55 21
35 69
90 44
14 80
86 52
22 72
52 34
55 1
51 30
76 70
16 1
55 29
36 91
97 96
42 44
19 79
89 66
82 1
48 23
75 81
96 29
66 89
79 89
32 16
2 29
11 92
30 47
95 38
30 21
2 70
96 94
3 84
96 22
40 36
25 5
40 44
51 40
43 91
29 66
40 32
43 55
15 90
51 21
91 54
6 55
30 35
95 45
2 67
95 68
71 56
35 80
52 35
29 6
39 95
38 61
32 28
X
73 2
47 94
17 34
7 46
55 57
91 23
54 61
82 26
27 86
47 95
54 51
8 53
12 58
62 17
50 51
74 91
47 65
72 60
18 95
45 32
85 50
72 34
90 24
10 71
98 85
35 70
86 62
10 16
72 33
1 76
11 40
12 89
43 16
72 43
49 54
69 62
67 59
52 85
97 91
21 74
87 8
3 15
37 80
1 52
X
37 58
14 93
62 39
38 49
97 41
25 40
54 89
68 49
90 95
97 7
98 70
65 76
53 48
80 25
37 62
64 12
56 95
48 64
37 68
5 2
14 71
22 85
11 97
2 50
28 43
56 23
65 23
67 2
20 19
34 67
56 28
82 77
31 87
36 31
12 93
15 75
94 2
94 13
28 45
25 3
64 44
88 17
27 42
20 45
20 98
32 67
35 76
15 82
27 12
6 70
65 4
12 66
5 82
88 67
57 60
24 41
18 42
43 79
94 5
48 14
33 34
38 84
40 18
95 11
57 25
25 93
84 74
81 49
10 83
26 45
70 61
49 72
55 86
38 51
43 60
12 29
X
92 53
15 2
18 63
18 68
36 14
82 94
73 42
92 33
97 4
65 38
85 55
87 64
43 84
92 6
89 98
37 32
18 52
30 60
4 93
62 36
23 60
62 7
49 2
69 82
28 52
58 98
16 66
88 88
77 46
82 93
0 96
49 75
20 32
86 70
96 28
66 28
93 79
98 86
68 50
5 52
98 63
67 9
16 26
58 23
80 48
19 17
15 50
55 44
32 13
15 28
98 22
11 67
1 77
52 81
55 26
15 52
80 8
9 43
50 12
80 61
0 63
11 11
57 78
31 55
21 11
90 85
80 4
X
36 65
10 44
3 51
76 22
28 70
46 3
74 70
91 45
36 39
25 28
74 20
51 27
29 91
79 0
32 0
63 28
90 94
19 66
28 73
35 47
72 94
46 82
26 25
8 23
70 26
45 66
45 75
80 70
45 76
10 20
2 65
17 15
86 87
78 22
11 45
14 25
44 75
46 49
81 13
34 22
95 58
67 24
7 67
35 65
96 65
63 71
49 85
41 19
66 53
91 14
84 7
88 87
73 9
24 50
3 91
40 79
18 14
12 74
8 71
18 29
32 71
9 66
10 9
36 44
32 90
23 3
98 54
51 76
58 62
25 69
62 69
37 95
52 59
46 51
23 30
88 54
48 96
98 2
40 33
6 30
21 62
31 40
26 77
20 24
81 87
11 83
70 41
9 83
92 0
83 2
89 84
65 94
2 38
89 18
93 37
89 85
26 50
15 41
57 68
86 11
48 41
61 67
54 96
50 4
69 3
X
3 5
24 54
54 76
34 85
64 10
4 13
73 55
80 31
39 65
23 27
39 80
6 45
71 51
38 78
85 62
95 54
6 32
19 25
22 96
24 33
86 8
22 7
82 15
59 59
50 69
58 84
12 15
22 14
98 48
47 13
33 48
40 69
3 60
54 82
57 43
13 28
49 49
13 19
76 51
70 96
77 60
63 98
34 82
85 18
45 87
45 34
35 72
0 57
41 74
64 29
13 64
75 77
30 69
75 82
55 6
89 69
14 57
68 88
33 81
17 8
35 27
36 55
69 93
83 85
14 95
55 52
26 5
32 22
86 19
18 9
41 35
69 17
91 7
2 30
88 52
17 97
30 87
6 76
52 2
90 39
53 72
72 14
58 94
7 77
70 92
22 58
14 85
49 27
X
58 2
29 67
12 82
60 26
14 15
37 45
68 3
37 31
45 44
89 16
49 30
36 48
6 54
23 98
98 44
71 53
76 30
35 17
77 78
35 50
46 77
86 13
85 70
15 24
10 28
72 71
78 21
78 2
14 9
91 39
86 4
22 59
60 78
53 76
6 35
80 24
44 39
32 94
34 50
40 57
72 51
33 43
67 48
88 13
72 58
5 34
43 20
97 10
30 74
28 77
62 66
16 21
57 26
11 41
39 27
40 16
83 10
46 80
67 5
46 41
32 46
41 44
88 15
94 61
50 57
56 79
9 10
77 48
57 77
8 27
43 71
36 21
43 73
50 39
47 96
27 20
39 15
19 69
7 98
77 31
23 43
75 50
19 70
16 91
77 35
88 78
84 52
52 82
61 39
35 13
50 35
1 96
6 33
84 22
62 60
91 13
14 28
48 28
90 1
10 2
23 77
89 56
22 31
62 70
65 34
4 78
60 64
36 77
81 95
14 97
97 15
47 49
4 23
18 58
2 60
87 45
54 92
6 22
60 73
9 19
76 42
8 19
4 83
39 39
80 76
29 0
29 89
16 34
26 30
42 11
82 6
62 41
30 94
29 74
28 75
11 14
74 94
26 87
39 50
70 81
50 24
10 34
68 10
65 50
1 86
80 95
20 65
81 58
84 69
41 58
24 72
95 49
13 95
41 90
24 49
51 73
12 60
29 9
40 46
6 10
88 27
13 46
49 65
57 76
90 75
87 54
48 37
X
55 11
34 49
50 87
3 97
94 93
78 92
73 1
41 81
6 58
72 65
87 70
4 44
56 5
63 58
3 52
26 35
43 70
63 27
52 49
6 46
16 2
32 82
82 90
55 10
36 87
12 78
45 16
78 34
13 62
7 93
88 63
81 89
10 90
43 74
73 38
38 67
67 80
5 40
96 74
9 94
23 69
30 66
8 29
7 63
32 87
16 97
34 34
55 55
22 1
98 41
57 57
6 38
84 89
23 54
38 27
62 92
96 20
94 54
7 11
63 46
59 16
2 63
57 86
27 2
61 28
87 32
11 82
54 70
3 94
38 63
33 70
96 86
73 83
15 94
53 46
28 47
27 59
78 72
56 68
75 65
37 82
47 41
13 21
50 58
83 33
44 7
56 15
19 7
29 21
58 65
1 15
66 45
77 2
94 82
82 47
22 91
69 26
34 72
81 71
74 96
32 20
85 8
37 46
26 15
58 42
5 7
81 94
37 0
39 85
30 68
11 89
23 68
18 20
31 81
89 83
68 60
78 63
73 58
94 81
83 12
21 98
92 72
60 0
44 65
29 2
12 18
9 70
83 18
65 60
90 50
90 5
39 32
74 45
95 5
1 53
41 85
47 29
63 83
81 53
56 93
9 22
33 22
11 58
62 71
16 84
69 41
71 25
17 72
88 86
26 31
48 40
49 78
21 78
11 68
32 89
87 12
32 18
98 53
6 28
75 87
10 87
42 13
59 69
31 48
94 79
70 28
27 69
82 12
70 89
65 81
55 45
55 98
46 30
53 57
74 50
39 10
37 63
76 44
79 44
85 31
26 85
70 72
15 72
92 62
54 40
41 14
75 48
55 4
80 91
91 27
48 49
31 60
33 47
89 12
44 88
67 37
3 40
43 80
X
27 7
53 90
68 41
65 88
65 43
52 19
44 77
83 29
57 67
45 10
27 15
14 47
50 27
45 17
32 50
46 81
2 33
25 67
12 14
53 23
6 41
20 34
25 32
88 44
56 7
26 91
27 52
29 19
68 95
16 65
27 75
53 24
45 92
50 8
64 11
10 70
66 98
46 37
70 64
47 57
22 9
21 19
7 28
23 25
8 17
52 16
28 84
4 28
32 40
43 83
80 21
93 35
33 67
56 44
84 36
11 48
98 30
38 71
31 28
2 52
53 0
29 1
42 65
72 2
6 34
14 74
16 74
64 7
41 47
3 11
30 75
95 53
79 20
30 24
84 82
65 84
2 57
82 18
22 97
77 4
21 58
48 82
65 56
55 23
95 98
84 60
44 29
9 77
86 81
25 46
77 30
35 74
41 55
1 30
18 78
12 77
22 54
71 42
52 4
87 37
67 72
98 43
80 0
58 75
42 60
61 17
37 60
5 94
70 63
68 93
40 49
94 25
67 50
9 33
85 85
73 17
45 21
35 81
71 0
37 65
28 15
59 84
9 16
58 79
32 14
76 18
45 59
6 2
74 3
36 51
52 15
90 40
54 79
52 46
98 96
85 7
36 70
61 75
77 41
63 91
69 89
31 8
8 98
0 82
25 62
71 30
1 65
53 60
17 57
77 93
98 21
6 29
60 17
25 59
66 5
20 30
63 80
83 56
41 0
73 10
10 47
25 75
76 55
9 90
23 38
5 53
60 40
65 93
83 34
8 70
49 76
58 17
54 54
94 14
7 96
28 12
48 79
89 37
4 47
32 23
24 86
49 23
21 38
85 29
78 11
14 12
87 24
61 55
0 72
17 22
13 60
80 7
46 8
77 98
63 47
6 60
58 43
83 7
40 38
24 69
32 97
27 77
80 28
24 12
83 9
69 2
45 19
27 31
11 76
16 19
29 46
89 41
64 95
22 35
66 24
93 5
37 98
2 12
55 80
3 1
23 84
79 88
33 89
64 57
37 48
65 73
24 46
1 13
63 45
58 71
11 36
85 10
31 70
57 3
47 32
92 59
68 51
19 19
42 14
85 86
5 28
5 12
48 27
24 61
21 39
13 11
4 32
49 19
37 50
23 58
23 1
47 44
89 33
81 23
68 72
83 80
11 35
4 38
35 88
76 16
18 25
43 63
87 78
10 24
46 53
1 14
11 19
34 79
46 10
11 23
93 77
86 56
46 32
23 5
88 3
22 75
13 26
63 54
72 69
88 82
21 42
60 62
36 29
14 4
59 36
9 76
42 48
22 92
65 6
5 17
6 14
32 78
80 26
50 81
46 4
28 8
11 57
45 8
49 39
25 19
65 29
29 43
39 93
35 23
68 70
22 64
62 78
39 58
41 50
13 76
22 21
X
37 6
76 80
96 21
11 98
42 39
24 82
67 89
72 7
58 78
35 41
83 23
72 61
79 41
57 45
59 60
85 5
75 85
12 73
68 84
43 9
47 27
85 9
42 58
97 58
71 96
50 38
82 80
5 48
43 88
23 41
74 71
85 6
95 1
1 55
2 19
29 35
59 91
74 60
34 13
28 19
95 26
10 58
5 89
44 97
21 44
92 27
72 75
97 13
40 37
5 70
74 97
16 6
33 91
90 61
23 33
11 20
22 61
35 25
87 84
17 50
11 70
21 77
75 88
90 59
19 53
58 34
76 29
63 29
35 40
21 57
70 90
54 91
32 45
69 38
8 52
75 49
78 52
80 2
76 21
82 5
38 48
13 22
96 2
54 77
81 69
55 71
46 45
78 70
60 92
90 57
92 35
57 9
5 67
90 54
59 3
3 24
46 63
52 83
49 4
6 39
67 71
3 59
16 12
41 82
35 67
69 73
46 78
X
91 36
60 16
21 4
15 11
39 52
10 14
52 48
98 15
52 65
35 60
68 16
55 51
21 63
31 68
4 12
68 82
67 62
25 36
25 81
45 89
15 48
23 45
73 85
35 37
52 76
45 48
29 76
10 85
22 41
68 91
72 52
45 13
48 36
49 86
90 60
55 28
52 74
20 78
9 54
48 11
91 66
73 36
51 78
16 89
56 98
61 16
0 22
7 59
20 18
96 39
15 3
17 28
76 2
19 11
36 38
71 55
85 23
41 11
90 64
1 18
87 94
92 95
42 16
37 37
60 61
37 42
12 41
4 72
62 16
88 64
45 49
16 68
43 35
35 85
X
68 12
71 29
67 73
86 32
71 61
42 49
30 79
58 46
59 79
29 80
53 4
47 43
41 36
X
11 30
54 10
16 10
72 55
67 30
53 50
4 84
74 48
28 30
25 58
44 92
4 68
5 91
93 21
8 63
54 6
51 85
93 32
66 58
94 28
80 11
95 36
33 85
4 70
84 14
56 61
11 94
9 9
79 3
16 7
54 93
15 69
62 11
11 37
51 53
24 16
34 37
81 47
34 0
33 28
14 77
29 45
89 78
6 69
87 0
24 32
80 9
28 4
20 13
19 92
69 1
57 83
10 27
38 87
31 29
46 93
90 23
4 88
64 27
75 31
92 20
84 70
68 4
8 66
50 61
79 4
58 10
69 81
68 76
50 64
64 41
91 43
80 87
54 19
58 24
22 15
65 95
10 18
26 48
48 18
64 47
39 2
91 91
74 18
20 54
95 96
90 15
96 38
40 96
47 71
26 33
9 26
40 11
4 53
28 81
94 23
17 64
51 80
13 78
32 24
15 39
88 66
84 34
77 80
13 24
37 16
55 68
53 20
32 38
9 79
49 35
18 98
69 59
72 24
26 82
21 45
66 54
90 72
64 78
77 87
80 23
65 32
73 31
48 76
40 47
9 37
13 91
34 57
30 91
15 25
10 86
37 17
15 66
59 29
79 13
65 9
56 71
7 92
19 6
90 22
39 72
78 69
47 66
44 81
69 36
27 68
94 94
95 75
6 80
67 46
11 90
73 24
93 74
58 69
53 16
97 83
62 26
89 8
58 25
83 59
19 59
16 86
2 83
55 22
42 66
86 94
36 37
8 72
87 73
26 46
82 91
54 41
19 68
6 16
22 10
16 16
1 82
48 51
30 46
88 33
0 56
45 1
49 74
18 8
82 14
62 8
35 26
80 36
33 63
16 24
9 55
5 18
0 65
24 83
20 71
92 16
12 94
54 75
3 74
59 26
14 39
43 14
81 77
29 90
98 4
44 71
92 44
30 57
32 80
48 58
90 18
45 22
65 18
5 65
20 1
38 57
65 82
X
64 77
44 22
20 63
71 38
45 63
49 62
93 53
45 98
77 88
55 0
75 35
20 81
14 92
9 15
4 15
69 46
67 29
58 9
78 64
70 50
33 78
52 50
41 54
44 32
49 81
20 43
46 44
81 33
78 90
75 78
51 64
5 60
19 93
33 21
84 3
96 80
73 97
80 12
42 91
81 93
39 63
43 57
77 71
50 28
88 96
86 60
36 80
46 39
58 67
65 59
75 24
46 34
20 46
87 57
39 62
59 46
63 61
39 14
7 71
14 16
9 72
53 40
15 8
18 64
34 35
72 21
30 28
32 93
15 76
58 60
14 13
70 54
15 62
62 28
92 69
87 42
40 13
56 27
11 87
54 52
22 39
67 95
82 42
31 66
51 5
49 71
53 12
26 22
80 63
17 42
10 23
45 85
40 22
58 15
67 92
89 74
78 93
95 93
43 5
4 19
31 79
64 26
9 49
9 57
69 64
41 78
38 28
58 52
86 64
83 5
19 10
20 51
14 96
35 43
24 38
42 87
41 93
60 70
35 71
82 0
3 88
16 64
16 25
39 23
25 27
76 54
59 45
X
97 42
95 61
56 88
49 51
32 33
89 97
39 47
87 14
16 77
43 24
54 24
51 72
17 60
97 12
48 3
2 24
64 58
54 29
28 17
79 71
14 91
91 56
71 8
39 35
95 86
74 4
82 54
58 81
43 75
12 17
50 30
71 90
48 95
13 36
42 84
88 8
37 12
23 44
20 15
89 24
76 84
89 63
96 41
55 89
67 17
81 17
56 54
8 31
42 25
18 15
74 88
52 41
45 25
59 37
41 83
X
22 22
4 90
61 54
25 78
58 97
12 47
52 96
36 74
77 63
98 39
55 40
41 73
69 8
57 24
47 39
13 98
39 26
68 96
77 22
95 6
76 49
85 34
41 77
37 53
24 58
38 6
64 5
49 58
51 56
50 55
46 11
87 6
95 13
4 74
67 79
55 7
75 70
28 29
79 65
77 29
81 60
74 76
45 18
26 4
32 65
79 45
34 51
84 92
73 26
49 80
71 59
34 71
80 55
36 85
42 90
53 43
62 65
81 11
63 6
77 55
96 81
3 72
36 68
9 21
57 81
43 10
46 75
30 33
7 55
70 4
1 81
34 59
65 11
88 0
96 55
35 95
37 43
16 59
15 37
10 29
84 87
19 81
26 69
52 33
10 48
10 33
3 23
63 70
79 58
22 32
53 1
70 49
51 33
79 19
26 29
1 87
70 42
47 34
82 85
45 60
77 34
78 50
58 92
77 54
65 28
80 69
X
62 91
66 85
61 2
44 16
96 95
6 43
3 87
50 71
32 92
57 54
9 97
4 85
43 86
36 56
62 12
62 23
38 83
69 56
15 17
2 92
97 86
15 89
14 78
27 40
59 67
97 93
53 85
69 50
15 78
57 47
36 7
38 65
91 70
87 92
22 71
29 32
85 56
15 15
10 56
74 38
7 15
97 54
25 66
14 86
48 13
13 63
45 78
29 30
19 82
70 59
84 10
17 79
9 17
23 23
38 97
6 86
35 33
26 13
44 76
50 45
41 3
66 61
52 64
36 64
80 57
61 83
10 10
84 80
84 8
16 40
97 20
54 18
54 53
22 16
32 88
8 76
92 86
46 95
17 18
92 19
20 94
12 39
30 22
50 82
8 35
56 86
74 54
14 94
86 44
76 13
11 26
14 54
48 53
94 32
40 59
77 75
88 42
79 40
21 93
82 88
17 26
57 5
38 96
9 8
X
23 81
12 70
94 15
18 88
18 26
40 90
88 93
34 7
8 88
71 14
25 20
25 70
63 85
34 40
61 73
2 27
3 39
48 74
57 59
67 54
65 63
86 98
85 81
84 61
53 83
49 22
74 78
37 91
87 9
61 69
31 37
49 42
15 9
87 19
60 27
38 25
52 61
43 19
75 34
14 82
70 93
34 18
19 42
74 24
43 29
7 64
38 82
13 49
30 83
41 13
65 89
81 67
43 7
57 82
68 56
59 54
21 10
48 32
10 64
74 43
51 95
87 34
74 19
81 16
88 81
59 64
8 2
31 45
48 80
57 42
74 80
18 21
77 90
54 32
6 49
40 48
36 43
55 50
48 75
9 38
91 72
8 46
31 22
22 74
94 11
54 49
19 74
25 56
42 80
34 32
75 17
70 5
30 93
61 80
25 45
35 51
50 52
28 33
84 16
39 28
14 66
2 51
56 41
19 22
25 61
39 31
72 18
8 20
55 59
64 85
18 97
91 35
71 43
98 81
51 39
85 82
31 20
50 77
23 28
80 58
16 47
41 2
59 39
46 12
47 54
35 78
98 10
22 46
79 22
27 5
64 90
56 47
33 27
16 88
3 77
62 31
89 67
95 87
95 12
8 3
77 3
58 33
17 55
78 87
86 30
21 82
0 12
49 55
54 7
27 67
87 67
32 86
75 1
97 82
7 58
72 8
7 65
50 20
74 16
14 73
79 70
80 89
57 64
94 4
50 19
33 46
74 63
9 6
35 82
57 28
53 78
73 81
64 9
33 14
15 22
73 5
40 7
32 37
57 12
59 41
70 82
42 15
73 13
79 8
61 84
6 89
90 35
63 78
7 76
88 12
34 64
93 68
71 94
49 91
7 53
43 58
55 15
72 39
14 56
35 15
41 41
37 89
46 19
8 85
50 22
84 24
64 2
19 56
74 31
30 2
59 7
35 7
76 63
40 40
75 86
27 11
53 62
75 98
65 45
45 95
35 24
97 66
21 25
69 97
7 75
1 59
X
37 85
47 16
1 11
98 88
83 74
58 72
22 43
35 91
63 77
8 83
9 18
33 31
97 47
60 60
12 33
27 48
89 68
80 98
7 38
17 93
39 83
73 27
17 23
51 58
7 83
44 38
3 71
60 25
2 55
81 2
69 95
34 60
84 77
37 67
70 48
92 94
89 43
93 23
36 57
35 21
54 87
62 80
82 2
17 61
31 56
48 57
56 14
10 26
57 69
43 13
62 48
48 7
22 12
7 56
87 40
26 8
8 81
39 9
47 89
25 54
85 72
84 9
85 79
26 20
11 15
43 67
6 11
42 74
45 31
24 30
23 82
93 7
45 11
19 91
45 26
0 77
85 24
46 5
5 25
4 7
76 94
82 87
58 83
96 42
12 28
79 7
19 64
29 22
29 28
94 74
56 38
25 26
63 11
56 72
61 60
24 24
96 1
56 34
88 45
51 41
42 92
35 89
20 21
76 1
41 87
58 32
23 70
53 2
70 62
46 48
48 62
15 51
20 40
48 30
66 9
73 18
79 50
58 38
46 66
90 62
57 91
82 9
40 78
35 56
19 35
74 93
60 68
60 75
24 56
42 9
77 53
23 55
39 5
25 50
15 1
30 10
7 9
0 47
42 77
91 26
34 81
92 93
18 93
28 79
19 76
30 32
74 0
83 49
89 25
94 19
55 67
64 91
95 23
47 1
62 81
97 63
56 53
48 16
53 53
77 94
4 89
95 42
76 73
94 58
95 25
8 39
11 24
72 87
6 20
71 71
49 77
76 91
53 49
37 41
5 68
74 6
42 1
43 30
29 55
65 53
7 97
11 12
82 35
35 0
19 12
19 90
63 26
14 48
39 76
91 94
3 21
3 57
94 35
72 85
40 95
43 69
98 47
85 61
9 69
44 80
92 91
70 14
21 97
2 90
83 24
66 56
82 16
33 19
89 28
10 73
3 95
79 29
72 30
47 40
66 39
42 22
93 4
72 4
64 75
65 12
44 70
63 66
4 31
65 46
95 30
20 10
14 60
3 34
1 35
78 58
75 92
27 28
98 40
6 53
91 75
47 63
4 58
53 3
2 26
82 17
65 5
78 4
30 81
33 42
82 50
70 91
92 2
80 94
66 10
77 92
79 64
61 72
21 52
56 3
42 6
6 8
53 41
21 96
17 74
7 84
25 4
12 55
73 0
9 20
96 37
14 14
79 79
16 69
40 52
8 80
12 67
88 34
57 55
42 62
40 2
84 62
66 48
17 2
92 73
67 75
72 37
78 24
67 3
50 49
36 32
X
5 9
93 72
44 94
61 49
8 16
76 77
6 52
21 76
37 79
37 20
68 40
9 86
7 52
8 7
56 56
15 88
13 55
2 80
76 25
79 30
77 61
48 90
59 2
12 95
5 95
4 64
36 76
6 1
10 8
37 28
21 56
4 77
93 80
83 88
45 42
92 39
9 35
54 62
82 84
23 95
63 52
38 20
78 38
59 70
38 76
16 58
43 56
72 12
X
13 27
80 75
41 95
26 79
32 19
61 66
76 57
31 50
4 11
57 75
27 3
30 45
31 47
35 46
95 43
97 22
17 29
1 51
3 92
49 87
42 67
57 6
80 56
21 55
6 24
11 25
68 38
19 40
25 60
29 73
31 80
38 55
26 58
50 33
3 54
51 77
13 25
3 45
81 29
67 94
26 84
24 57
19 77
5 22
40 75
16 52
48 20
74 62
34 78
82 69
98 32
5 66
12 2
54 47
79 24
94 16
13 48
11 66
40 45
69 32
55 13
46 16
82 46
27 53
7 29
69 74
80 29
47 97
73 44
18 74
98 18
19 15
20 60
35 77
74 36
68 81
91 77
30 51
83 78
40 3
8 44
49 17
34 43
94 7
12 75
90 36
73 46
33 13
80 20
69 6
22 48
26 75
45 67
49 20
82 24
62 15
26 98
53 6
38 95
46 89
55 12
86 59
32 29
14 37
38 79
69 4
98 94
44 41
29 48
37 21
77 58
32 35
9 50
71 35
46 28
78 55
37 7
23 56
80 60
22 65
11 63
55 62
6 23
61 90
46 1
15 63
67 60
78 12
48 6
50 42
29 83
53 92
75 7
61 1
43 49
40 53
35 64
4 45
12 34
84 20
83 0
26 43
35 45
0 9
93 54
59 53
20 9
36 24
43 87
8 4
93 71
88 95
23 64
96 62
11 88
46 31
76 89
22 56
38 23
19 33
18 44
75 79
75 74
19 60
66 62
96 84
94 86
53 52
43 68
52 7
61 93
47 93
15 58
5 4
75 54
48 69
19 65
65 42
24 42
63 56
60 81
88 58
5 32
27 23
60 88
96 13
46 38
47 47
36 28
23 40
81 8
56 55
92 5
54 0
96 19
1 10
74 89
7 78
60 36
37 55
90 42
24 98
93 60
75 45
56 25
69 30
19 89
71 26
0 21
41 37
28 32
67 91
24 15
10 75
14 11
2 76
63 82
27 70
57 61
83 98
1 46
93 13
77 44
36 95
28 28
53 87
55 36
73 70
59 85
73 33
83 46
23 57
3 6
22 8
48 52
42 47
90 58
50 86
49 53
45 68
12 49
52 42
98 35
26 67
4 54
42 45
93 70
13 45
23 11
49 5
45 93
78 67
60 80
64 25
78 13
34 68
45 14
93 88
27 6
74 49
X
85 59
94 43
59 93
63 40
1 0
63 79
77 73
24 34
25 55
63 81
87 29
4 65
54 88
1 44
12 21
54 5
38 8
43 32
88 32
7 41
73 54
72 42
X
50 54
8 15
95 85
24 91
64 66
3 85
40 1
3 33
22 70
16 33
37 57
55 47
23 73
58 63
87 83
28 22
79 31
12 35
95 94
63 65
79 11
65 61
80 67
43 64
24 70
61 37
24 60
0 14
39 6
39 16
63 18
54 60
30 9
3 93
44 63
13 97
54 43
42 17
7 47
34 63
33 72
67 78
49 88
83 91
67 40
32 77
73 77
37 27
81 74
14 76
88 31
79 60
43 22
41 91
53 44
20 59
10 61
84 18
16 28
12 79
55 69
83 96
24 39
2 25
95 15
64 46
31 42
76 75
93 62
3 49
24 90
96 50
1 12
93 16
51 57
39 36
18 57
75 22
53 82
0 11
19 58
77 33
3 35
86 22
53 68
9 85
6 75
24 27
74 75
39 61
89 76
50 5
21 60
95 79
16 80
88 36
77 86
44 87
75 16
15 4
41 86
20 67
75 94
47 62
66 26
22 68
28 51
49 89
2 87
82 70
95 71
46 14
7 50
74 9
54 22
84 72
84 47
89 49
21 43
59 77
96 10
64 56
57 94
20 69
82 23
42 38
8 11
66 17
74 41
8 77
14 5
42 23
73 20
52 63
4 43
7 8
38 44
70 67
70 10
44 0
67 10
98 79
25 29
20 4
97 40
79 9
79 39
70 45
69 48
91 31
38 90
4 42
46 20
42 89
35 73
11 39
71 77
35 94
27 10
70 66
74 61
51 20
17 69
18 41
65 37
1 61
58 90
0 67
44 84
87 96
63 92
94 89
41 21
85 64
47 61
64 39
14 27
90 12
29 25
21 91
40 76
85 28
73 98
94 73
48 34
81 19
81 72
20 75
64 93
50 3
26 88
38 66
51 62
28 3
12 48
47 82
32 48
67 51
73 73
40 0
72 86
9 34
15 97
12 24
24 74
33 86
23 17
19 54
80 66
83 81
68 30
53 25
48 92
94 30
83 63
36 78
25 39
51 8
9 58
26 86
16 22
56 11
18 60
54 44
96 68
66 75
21 33
82 78
72 38
59 65
46 15
98 14
24 93
96 33
40 24
95 28
51 92
34 19
84 25
69 67
47 22
1 66
52 75
87 74
31 23
62 24
42 59
49 68
32 34
24 78
12 10
87 55
35 58
40 35
81 30
62 50
79 32
21 59
32 21
4 66
15 95
41 96
92 31
39 64
4 86
21 71
17 33
48 33
28 9
96 70
48 73
94 38
4 80
60 22
4 95
15 70
24 3
47 17
33 20
44 49
89 23
6 47
20 20
78 94
68 54
68 63
50 80
15 98
92 7
73 52
67 61
39 59
41 56
5 21
1 94
20 93
76 50
6 72
21 16
76 40
11 1
25 47
25 11
89 26
58 68
48 86
78 88
11 17
17 71
91 97
85 78
31 98
73 25
17 25
67 42
90 96
67 25
27 89
26 21
87 36
66 76
21 7
24 71
38 30
51 65
32 26
21 12
84 91
71 97
2 54
71 89
88 49
94 63
60 23
2 14
98 8
41 49
46 13
57 96
86 20
27 27
18 11
58 31
51 7
23 74
12 76
18 55
84 37
65 10
87 76
88 92
24 97
31 90
32 62
4 73
28 14
26 74
69 71
28 27
3 26
56 78
8 43
58 53
58 93
5 30
1 85
67 16
76 60
38 53
22 60
48 12
21 3
85 13
14 81
20 97
24 43
68 17
5 1
48 88
X
34 69
3 63
64 8
79 38
17 66
28 44
42 43
28 7
8 75
30 80
74 39
18 12
41 84
69 60
17 13
68 77
10 13
81 3
12 53
29 10
66 43
20 39
9 82
40 6
53 15
69 54
47 8
50 96
29 18
4 87
80 5
79 95
51 38
2 48
53 17
98 68
36 73
5 61
94 59
35 63
6 90
87 43
0 15
X
20 27
X
25 84
X
15 71
86 54
X
27 41
8 96
4 51
2 59
63 35
53 61
X
X
X
44 90
X
39 97
X
X
X
X
54 38
X
X
56 94
X
X
X
20 58
X
31 57
X
X
34 88
63 7
89 62
X
X
X
X
X
74 87
30 86
X
X
X
X
40 9
X
72 72
35 49
43 37
X
X
44 96
41 75
X
53 28
21 94
X
39 45
8 50
X
11 91
95 65
91 20
X
17 91
17 17
66 37
X
28 78
80 22
4 94
X
X
X
X
71 7
95 77
X
48 60
X
X
X
X
46 21
91 98
66 66
41 10
1 64
73 16
X
X
X
X
10 37
82 25
47 6
55 19
X
31 71
27 21
X
X
X
7 4
58 4
94 37
X
70 31
69 72
11 33
X
47 70
X
12 46
88 28
21 2
54 86
88 83
77 91
67 81
X
X
X
86 18
X
39 53
9 60
8 47
65 48
X
56 29
X
X
X
X
94 92
46 18
X
12 1
32 2
56 31
86 42
X
71 32
21 17
87 52
X
4 71
83 61
X
69 90
X
X
X
18 28
X
X
56 52
X
90 51
56 33
X
42 7
67 41
17 54
X
X
X
X
5 90
87 7
77 56
X
39 82
68 24
57 73
X
36 72
X
X
48 77
71 52
X
54 63
58 7
X
13 89
X
X
X
38 1
48 85
X
7 2
X
X
66 40
81 86
19 73
76 66
27 60
32 41
60 56
X
X
22 44
70 95
52 56
10 84
13 59
X
X
34 41
X
30 98
X
X
X
45 40
47 52
X
X
48 50
X
91 44
49 14
84 65
2 86
1 19
X
68 80
3 30
50 62
83 67
X
66 34
13 14
X
18 65
24 95
X
X
X
40 60
35 19
X
X
87 35
X
X
33 87
X
29 75
83 26
80 47
X
76 71
47 7
50 48
5 33
61 89
21 29
X
26 28
X
17 96
43 28
X
67 70
80 65
38 33
67 26
X
61 26
X
58 57
35 39
27 98
X
X
38 68
X
76 87
X
X
40 25
45 37
23 7
X
X
X
57 34
94 27
79 75
30 43
X
55 5
20 42
76 23
X
70 44
X
X
40 12
51 34
33 66
81 66
82 74
X
22 69
18 19
56 9
45 24
X
44 37
X
10 68
27 83
X
X
X
X
31 25
0 98
33 18
14 88
X
81 96
X
X
65 65
62 51
X
66 83
33 26
X
31 92
X
77 89
65 8
56 69
X
X
57 23
37 36
X
X
X
65 49
X
29 4
X
81 85
X
11 56
45 43
X
X
50 7
X
X
X
21 72
X
77 21
31 94
X
X
96 11
13 40
94 83
91 92
96 26
17 84
41 38
24 84
61 29
82 31
80 30
X
17 20
X
85 52
4 69
85 35
83 38
14 18
X
X
96 45
X
X
X
27 78
X
43 1
X
X
42 63
52 52
30 37
96 89
23 90
61 53
X
95 70
17 7
92 22
52 51
46 33
64 72
X
18 27
96 49
X
X
11 61
X
96 32
27 90
54 1
30 30
X
X
X
X
X
8 30
X
X
X
X
X
X
8 49
X
X
58 80
80 93
X
70 46
29 68
X
79 15
19 57
26 73
X
5 51
85 25
X
X
4 3
X
28 74
49 57
X
40 23
77 67
X
X
77 24
X
X
86 41
X
7 7
X
X
X
80 92
62 93
X
X
X
25 53
X
X
X
77 51
5 74
X
36 52
70 80
11 72
X
35 92
X
X
82 20
X
X
X
X
X
X
X
39 21
31 93
X
X
8 57
27 39
X
X
X
X
17 14
X
1 97
X
47 60
6 84
26 76
68 42
15 34
X
X
98 51
7 10
X
8 91
X
64 59
73 86
38 0
11 86
23 75
60 71
51 4
X
60 29
31 26
X
10 17
20 55
72 47
X
X
61 36
X
X
X
X
X
79 14
44 48
58 21
18 71
X
X
X
82 48
75 46
X
27 14
83 94
47 59
X
59 38
15 10
X
50 79
43 94
69 83
5 20
X
X
X
3 27
X
28 80
80 54
59 92
36 30
80 45
27 58
73 43
52 18
X
74 92
36 50
92 92
20 14
77 45
X
67 57
X
X
95 64
25 30
X
X
X
13 16
X
54 90
X
X
76 93
74 21
2 0
X
X
70 20
X
90 26
28 49
61 77
34 95
84 78
X
19 80
87 80
22 30
X
X
95 39
X
X
13 79
X
X
21 21
64 49
X
5 97
X
X
79 10
52 6
41 67
6 85
0 95
26 78
27 82
80 1
97 92
53 18
X
10 32
15 96
39 51
24 75
77 17
69 68
88 41
X
0 69
39 68
97 43
X
X
61 47
76 24
67 39
83 95
40 77
36 86
X
8 40
78 79
78 35
71 34
47 28
74 64
34 65
52 91
65 69
23 72
5 55
X
X
22 95
1 27
78 15
X
50 72
27 34
X
36 88
83 86
68 98
11 69
94 44
13 87
88 5
6 21
88 2
X
X
1 72
67 22
X
28 91
37 77
76 78
55 79
91 4
X
24 59
X
53 74
23 35
97 57
X
2 49
31 2
52 60
X
81 48
X
X
X
X
76 53
X
X
X
13 61
X
X
X
95 47
96 57
31 86
15 91
X
X
65 62
51 50
X
42 24
36 49
X
75 21
X
3 32
41 48
54 83
29 42
82 73
79 87
38 31
73 35
X
62 25
5 10
X
52 21
20 41
63 38
X
51 51
37 87
X
X
84 1
X
X
X
43 62
74 22
X
6 98
20 62
X
X
57 33
56 42
X
15 53
X
53 80
10 93
45 82
X
X
51 86
62 88
6 94
0 50
X
28 42
87 46
X
X
65 17
13 33
X
44 54
37 66
X
90 46
X
53 59
X
5 87
X
X
X
X
X
X
58 85
90 65
31 39
75 30
4 50
X
53 65
X
17 6
90 76
X
84 79
23 2
X
67 74
X
44 50
X
8 41
X
X
13 77
X
98 78
42 36
67 45
X
X
28 58
X
X
85 51
48 45
X
27 64
61 85
37 92
X
X
83 40
X
65 90
X
77 47
33 11
X
X
X
38 58
X
36 62
55 88
X
94 77
X
75 51
X
X
24 53
55 32
86 37
X
X
9 25
X
X
X
79 84
8 12
13 86
42 5
28 50
60 85
95 14
X
98 71
73 95
92 70
44 58
85 20
17 40
55 46
X
76 28
X
X
59 96
87 38
30 26
11 54
79 61
X
17 16
86 53
30 39
29 81
75 33
4 76
87 44
20 72
74 53
41 57
98 31
11 59
33 64
24 36
X
35 10
24 94
X
16 81
16 92
X
21 28
X
90 17
X
18 75
49 12
12 7
X
91 34
X
15 64
X
77 13
77 69
6 26
24 26
8 93
X
42 95
X
56 87
86 83
X
X
X
X
X
14 19
X
X
X
X
15 77
44 60
X
X
X
X
22 13
X
89 53
X
X
X
59 66
X
54 21
X
X
33 17
85 16
X
93 78
54 58
X
X
74 8
32 31
X
53 45
69 22
X
4 49
X
X
91 63
90 63
52 73
X
X
97 59
X
48 31
X
70 32
X
X
63 25
X
91 16
57 51
10 67
29 50
X
X
28 83
X
X
11 22
X
X
88 53
X
X
X
29 97
69 53
X
11 8
95 78
71 70
93 69
X
X
85 80
73 59
12 6
28 57
51 25
90 0
X
X
X
57 90
X
X
94 70
42 78
X
96 36
X
X
X
X
X
17 5
93 91
90 70
38 37
X
43 53
75 72
58 26
X
X
86 3
X
1 68
15 27
X
20 73
61 65
39 17
35 62
X
X
67 77
64 96
18 59
X
78 14
X
39 11
X
7 80
X
X
78 31
X
22 42
X
94 55
39 44
X
28 72
60 53
27 74
X
X
87 85
X
19 71
55 82
33 38
67 63
30 15
X
X
X
X
14 7
87 49
24 6
X
X
X
23 37
67 55
93 27
20 70
X
41 92
87 3
X
43 59
55 85
X
X
X
9 67
X
X
36 45
X
62 9
X
X
98 50
X
75 91
63 76
X
X
X
60 86
X
X
X
97 67
10 21
32 3
X
39 90
59 71
18 62
46 64
X
3 12
26 12
29 37
X
X
X
70 8
X
6 40
0 68
X
X
X
X
X
X
X
69 55
X
39 57
78 82
59 40
6 42
81 25
48 56
X
X
94 46
27 91
X
50 67
12 25
18 5
79 5
72 89
13 23
1 48
58 54
42 10
31 32
X
X
X
X
14 69
23 47
63 75
X
26 41
