190 78
28 123
53 70
45 137
X
119 48
3 95
170 90
34 188
86 190
169 192
145 68
111 75
53 190
99 111
141 57
28 150
166 158
52 155
99 176
58 58
142 102
181 30
64 2
66 179
124 86
X
83 72
170 146
114 80
X
167 6
135 140
154 145
133 160
92 138
11 4
77 57
126 124
42 65
131 188
52 173
22 104
189 39
143 66
72 66
115 24
166 152
62 1
128 68
31 49
90 103
116 80
70 59
43 85
134 20
158 60
192 144
161 30
178 16
191 21
126 35
79 122
97 62
112 138
44 43
146 78
110 141
72 125
130 64
166 56
195 129
165 196
165 178
108 39
97 33
136 70
5 25
112 38
84 104
92 52
86 124
136 170
88 94
75 80
146 105
115 167
99 149
27 73
137 177
33 91
65 171
X
65 172
171 120
15 24
31 33
50 79
124 145
17 152
144 148
45 7
6 23
125 113
34 190
118 144
135 103
112 121
158 155
64 73
22 36
139 184
130 52
78 127
138 110
137 13
8 62
128 154
65 180
121 187
153 37
170 176
163 117
59 7
X
152 165
34 147
20 17
68 192
165 88
70 44
121 104
162 12
189 68
117 89
61 143
68 119
38 62
138 41
182 92
195 56
69 168
40 169
35 153
79 158
189 78
187 139
25 86
105 182
29 32
172 47
157 53
X
14 42
95 139
116 140
151 182
130 68
134 192
17 122
106 17
52 117
151 136
80 49
53 194
148 162
7 48
98 189
143 55
19 101
41 88
175 76
112 134
4 76
X
32 192
144 182
169 60
164 57
54 44
193 174
85 58
172 38
120 161
20 148
154 93
152 37
14 74
68 20
8 110
119 24
72 135
69 72
149 92
157 120
55 42
182 35
154 86
63 115
124 46
154 43
127 88
125 124
66 13
10 165
195 130
140 15
25 151
88 170
134 75
145 29
154 143
173 143
1 40
45 82
189 120
64 74
105 34
25 127
181 194
16 71
121 74
5 30
137 70
158 135
17 166
118 69
106 55
5 191
114 89
X
41 40
24 139
52 164
103 162
187 92
143 57
56 20
65 168
180 119
76 32
145 54
X
178 121
104 111
93 23
139 164
161 170
37 90
187 171
82 90
8 15
117 184
112 186
X
23 40
127 174
55 188
31 119
122 108
156 72
147 91
143 95
128 98
30 194
101 63
79 159
145 143
12 74
11 168
99 8
33 6
44 94
127 27
139 45
127 97
12 139
135 120
193 48
38 38
120 149
114 85
105 47
33 54
159 8
86 102
37 171
4 130
109 15
52 44
168 53
184 194
106 61
96 12
98 5
X
162 123
172 65
50 27
116 144
90 109
161 15
123 108
38 67
141 147
91 156
159 154
195 5
X
188 40
84 84
80 16
78 51
142 54
162 169
37 91
35 32
55 76
153 54
X
179 70
79 178
65 177
172 33
24 12
85 154
48 47
160 121
175 11
31 87
41 17
114 6
98 53
177 143
74 125
138 95
39 62
4 117
155 12
40 165
166 194
187 151
167 88
34 33
55 100
31 53
166 168
106 19
108 31
71 194
77 119
112 131
76 176
X
49 16
X
166 134
57 139
49 155
195 60
87 32
127 171
141 70
148 146
22 5
158 101
42 41
4 95
43 62
128 191
135 100
138 100
94 190
28 15
160 190
77 120
55 33
X
15 69
141 93
3 184
144 183
33 152
185 165
190 77
146 146
46 40
89 109
121 184
69 132
181 72
32 64
168 134
194 186
123 13
5 182
20 21
59 87
183 136
145 130
121 75
168 91
29 163
41 77
X
21 156
X
151 168
103 24
96 165
34 144
124 170
4 174
139 74
50 80
6 30
25 67
177 140
31 109
154 133
173 190
X
156 123
54 5
114 93
15 51
16 188
X
74 162
103 51
172 192
90 52
55 52
161 85
156 57
52 24
X
20 187
29 105
4 152
21 26
67 155
183 102
41 147
173 141
150 16
142 38
41 95
100 28
33 163
12 181
65 77
180 122
52 90
88 69
38 43
110 178
74 30
155 176
104 108
168 46
160 137
162 152
181 5
77 59
57 78
17 57
50 78
125 147
155 142
8 114
176 134
165 118
106 187
158 18
30 103
44 180
118 195
86 59
178 69
91 89
130 29
23 7
10 26
179 76
12 2
148 144
51 22
53 102
143 54
66 2
141 180
179 69
53 141
183 123
70 91
54 32
113 139
143 119
53 18
52 144
172 28
176 141
102 172
164 154
169 30
191 86
137 156
106 123
56 187
13 190
1 39
42 160
76 31
84 103
45 134
6 153
X
154 144
10 27
145 57
73 152
150 31
87 57
189 77
176 83
104 158
52 166
147 92
188 152
X
50 44
157 11
27 129
119 37
152 18
101 27
53 113
70 72
193 18
80 13
38 185
132 100
93 181
9 104
32 127
44 50
134 190
111 130
174 146
106 144
118 81
175 93
124 10
96 69
191 52
X
102 99
112 101
193 178
87 72
77 105
138 16
180 157
86 93
68 56
133 128
36 173
188 170
161 33
17 7
70 16
37 76
191 48
171 28
102 8
X
182 27
169 144
176 132
18 121
76 81
31 123
92 91
79 75
58 134
151 177
101 191
27 116
154 104
51 187
30 63
193 130
X
140 180
114 164
X
97 12
103 27
31 108
139 162
135 144
92 118
97 108
X
91 2
74 65
193 144
114 84
34 192
148 160
70 93
38 114
20 186
139 72
148 68
90 193
49 15
192 31
12 76
179 62
77 29
87 33
79 4
24 141
168 87
128 45
38 50
53 173
112 118
43 158
107 69
168 119
145 150
141 90
141 161
69 106
119 151
X
42 96
126 125
157 5
43 77
73 139
85 32
33 154
98 19
X
187 160
121 140
123 90
41 30
48 52
103 49
133 115
167 182
99 28
186 68
51 20
77 46
25 134
19 165
19 186
148 105
86 68
36 54
25 51
41 183
16 154
94 41
192 82
X
106 74
193 82
104 147
64 51
157 57
67 136
132 113
124 149
190 116
146 106
95 25
25 12
70 164
70 45
103 180
34 19
75 174
29 138
113 12
107 85
42 113
X
159 33
72 59
28 26
91 1
108 187
107 17
50 127
84 161
93 83
164 155
33 127
23 63
127 13
105 26
38 28
154 103
157 192
78 27
81 34
177 58
56 7
120 69
99 164
160 129
140 164
133 40
30 28
53 140
97 50
106 127
37 73
150 6
X
169 48
76 48
68 120
75 160
106 75
133 111
23 32
18 191
146 36
64 4
189 8
169 140
31 26
5 130
178 37
136 141
28 174
161 124
128 39
71 93
43 133
190 49
13 139
13 193
179 51
79 3
98 54
77 122
139 91
104 109
116 8
127 113
105 60
164 2
171 181
9 128
170 182
6 77
106 15
142 14
108 110
X
183 51
X
9 132
130 62
161 75
127 45
51 115
75 165
124 97
168 122
106 32
148 59
119 25
10 30
135 121
132 156
173 21
14 179
52 126
29 189
X
44 75
107 121
191 41
108 55
46 70
127 50
152 51
X
113 175
37 51
27 170
X
122 85
51 141
161 18
84 95
18 176
173 47
148 58
191 126
72 185
14 39
158 123
121 142
X
24 127
22 68
139 96
196 183
54 36
X
91 184
183 25
122 15
159 110
104 47
173 12
25 78
85 161
X
89 1
40 148
107 87
125 12
67 169
88 125
156 49
154 137
20 116
28 147
120 126
72 60
73 128
98 149
56 179
31 56
143 52
17 43
151 30
40 144
112 188
3 137
69 49
50 151
36 181
103 160
95 67
4 164
151 41
190 47
64 72
159 155
98 88
192 30
51 167
170 31
139 103
23 36
35 20
41 192
122 126
69 103
53 44
79 161
86 164
194 119
188 78
1 162
151 178
42 44
181 186
169 110
76 180
143 190
134 38
103 152
121 15
154 102
6 46
56 158
147 57
6 123
149 88
148 54
28 43
5 27
6 130
20 63
55 32
112 31
20 32
120 9
104 59
173 145
84 102
110 162
95 54
108 126
46 36
X
141 40
168 123
77 186
131 165
52 147
70 46
137 11
20 152
88 54
X
56 85
X
137 108
144 103
11 80
101 28
10 147
99 153
128 52
179 104
93 118
103 106
119 152
85 59
181 96
156 179
74 29
66 180
91 131
87 197
108 171
137 141
170 134
193 90
185 73
88 197
134 39
119 163
103 60
177 96
84 98
171 72
122 76
12 89
X
X
63 160
94 132
69 105
9 130
3 176
25 114
137 16
192 171
149 65
24 151
121 126
145 116
61 147
120 187
66 36
130 161
53 195
10 128
147 94
179 61
43 74
136 103
105 144
176 58
5 184
56 118
74 185
45 157
102 7
172 108
171 122
170 48
155 11
122 31
32 187
101 111
126 170
5 121
60 61
40 63
68 168
96 33
111 187
88 196
69 170
167 195
9 84
151 8
116 53
162 38
29 41
62 95
107 162
171 12
39 145
153 171
50 40
90 182
185 151
102 108
128 97
176 76
15 25
159 104
66 14
155 5
8 16
97 167
192 29
64 15
76 161
38 126
178 92
61 13
9 2
153 49
171 41
179 54
172 41
147 171
103 111
133 161
102 18
16 152
106 48
38 65
6 60
137 22
11 78
188 39
79 137
103 126
X
83 48
17 180
X
109 147
47 123
88 35
143 59
187 172
83 49
X
135 9
57 140
152 54
171 20
138 162
18 135
41 194
13 52
32 152
108 73
25 123
48 170
90 105
144 150
64 5
28 98
X
53 118
31 95
21 17
13 102
15 119
11 180
160 135
71 72
28 141
98 164
33 7
84 137
46 119
95 23
143 45
X
123 104
193 29
63 114
24 114
27 42
138 11
2 21
11 40
132 63
109 110
138 109
X
106 62
11 166
93 65
118 193
57 35
57 87
44 76
120 151
91 63
182 177
192 14
38 36
144 180
71 91
61 192
140 153
161 134
31 115
151 39
105 101
158 61
170 121
175 103
159 54
123 151
171 192
134 170
138 103
145 191
74 93
32 56
122 13
40 170
29 161
120 130
85 35
181 71
122 23
71 36
123 176
16 48
57 192
125 11
120 14
1 43
187 154
182 5
100 152
168 33
89 4
46 42
160 8
13 73
54 173
79 46
150 116
72 152
126 179
134 191
182 50
180 154
4 192
141 9
92 69
7 98
186 73
77 45
91 4
25 121
31 116
34 152
53 104
50 114
168 181
28 127
142 57
170 106
14 89
79 125
145 32
132 161
43 98
125 89
180 158
146 118
140 41
76 174
26 49
34 56
191 58
157 195
144 33
80 60
51 144
132 129
180 155
147 75
122 124
41 112
47 9
28 50
87 167
83 74
179 109
78 58
6 147
39 41
33 88
90 167
39 70
81 58
133 114
181 70
44 86
50 75
111 76
148 88
193 5
83 4
114 166
94 79
39 144
132 171
X
147 143
4 162
72 57
46 69
155 38
100 176
163 108
52 171
105 181
X
7 62
145 102
158 5
8 77
86 111
13 45
17 124
48 168
78 151
81 30
195 126
163 106
184 28
55 67
55 53
88 123
133 130
52 20
154 72
58 139
22 141
31 149
80 129
55 166
72 146
182 94
165 82
147 161
119 28
138 182
158 41
23 33
88 4
124 113
16 70
84 29
60 1
33 96
145 30
32 171
21 150
181 69
64 177
95 99
59 5
19 121
123 106
128 63
168 135
183 109
129 50
X
26 47
X
89 57
X
112 147
122 132
24 15
13 136
27 95
103 64
44 162
X
33 187
143 147
71 131
24 19
27 12
X
X
110 39
24 17
180 5
177 141
3 133
100 111
109 73
8 26
124 182
175 78
124 45
61 129
45 36
123 153
139 94
159 40
147 118
176 80
183 185
104 123
174 154
49 106
9 102
67 135
171 188
192 46
183 48
161 106
172 12
84 71
6 58
125 122
29 74
156 121
148 64
143 81
23 134
29 137
143 123
41 70
147 134
121 193
131 109
188 118
41 142
70 56
19 60
114 83
85 83
137 121
22 16
17 26
41 46
94 93
188 68
15 190
170 33
169 100
159 120
14 188
183 53
90 147
55 119
100 151
147 159
137 99
87 145
158 13
124 67
77 55
122 56
136 24
52 154
64 93
17 191
64 155
194 78
129 183
155 191
76 92
100 164
185 167
136 11
35 77
189 194
187 156
155 190
152 53
167 179
X
8 75
95 30
124 100
48 110
8 147
43 70
169 146
125 39
142 119
180 178
84 138
140 160
102 173
87 149
193 183
78 108
23 141
28 81
X
161 31
23 60
96 167
164 170
X
159 168
193 193
121 41
81 49
107 68
183 152
171 76
100 134
88 190
23 26
102 88
65 19
51 40
X
138 9
X
11 92
47 110
96 54
160 19
158 120
145 114
65 117
144 120
99 98
26 170
175 91
7 25
178 30
155 14
36 110
178 109
63 48
92 107
176 146
137 104
169 20
171 53
171 138
113 99
X
37 54
30 121
56 136
159 76
38 196
12 14
177 70
12 133
175 8
97 157
52 86
171 33
66 37
173 197
91 189
191 57
31 147
194 95
64 172
183 190
50 195
172 51
X
126 2
32 163
49 194
136 72
132 104
125 23
97 107
59 128
75 185
74 28
142 30
131 40
7 84
138 70
16 80
70 162
191 174
172 32
92 93
33 105
43 66
107 31
35 105
151 93
180 94
170 26
37 87
X
169 58
16 55
42 121
43 127
108 72
67 180
57 83
13 53
123 173
64 144
52 151
23 12
X
73 192
X
55 168
75 157
192 13
71 75
35 75
106 49
73 163
125 145
95 69
193 46
117 40
194 2
14 24
89 101
28 114
4 165
101 130
188 176
194 97
96 100
37 144
115 163
X
179 185
129 31
95 62
88 105
X
74 3
26 184
74 83
81 143
25 68
149 162
70 17
170 192
98 108
40 36
160 192
48 165
47 2
103 123
138 152
173 188
176 92
167 194
41 31
167 177
170 123
105 164
167 46
121 149
33 103
25 147
126 28
75 175
24 83
34 64
74 27
197 181
161 117
99 154
62 60
108 121
23 34
78 105
187 169
100 148
79 30
109 121
55 17
X
51 194
129 89
43 135
17 174
101 12
168 159
158 31
93 140
193 195
68 178
145 59
157 133
147 95
31 160
124 129
X
76 185
49 6
141 74
65 175
94 133
52 68
195 183
55 15
13 128
192 52
137 77
157 194
53 187
179 71
11 128
133 165
91 22
85 81
124 60
84 142
102 106
89 58
49 163
37 147
63 172
184 196
159 174
164 5
53 54
142 83
96 83
148 158
X
178 72
28 146
74 82
13 177
189 126
77 49
146 53
9 6
93 113
59 89
52 80
167 183
153 31
75 65
X
91 23
34 110
75 64
83 1
191 87
79 1
49 153
147 20
34 26
40 70
X
56 137
78 109
136 112
56 152
71 90
188 172
179 154
190 171
69 74
X
42 7
31 127
38 63
153 180
137 9
139 82
188 160
119 191
76 150
194 93
132 38
126 100
174 29
91 122
18 180
133 58
70 135
X
72 91
28 171
86 21
168 160
110 57
160 14
109 86
X
16 155
36 75
119 47
X
X
37 173
23 13
86 170
80 125
61 93
49 10
53 14
143 143
149 93
87 83
27 172
24 42
164 86
136 129
9 101
89 112
121 9
6 174
51 34
69 36
94 195
122 145
13 76
59 129
79 76
183 27
177 154
191 172
41 145
86 142
164 115
56 157
54 14
43 50
28 134
79 127
101 192
56 134
50 125
70 20
123 170
25 42
75 109
X
78 149
99 130
53 182
38 183
107 58
32 51
66 12
6 133
180 90
124 130
87 120
64 159
159 94
55 104
54 78
X
57 76
169 106
38 91
120 60
15 26
15 189
89 3
162 120
127 120
83 3
2 193
148 143
89 154
128 179
157 134
126 97
148 55
116 177
129 48
142 123
90 104
14 55
92 62
27 173
99 134
192 159
66 74
64 71
69 115
137 176
159 107
66 20
140 91
191 59
124 84
80 58
144 64
121 185
25 149
192 86
70 166
83 45
137 146
15 72
88 110
83 88
30 33
43 137
58 62
183 105
54 3
28 12
177 102
54 179
93 85
156 61
X
51 54
84 86
49 158
173 162
13 188
145 36
107 124
86 125
162 21
172 10
87 99
126 46
197 180
152 41
135 70
105 99
179 48
X
189 178
182 186
31 155
59 6
12 102
195 117
7 88
111 101
110 18
89 54
160 50
4 151
4 121
28 79
11 91
137 139
45 65
41 27
2 191
6 131
107 179
136 73
164 74
183 155
55 5
53 47
X
54 102
101 5
191 193
152 171
32 103
193 32
93 24
49 87
92 137
193 115
91 180
95 158
148 56
53 154
140 13
88 147
178 83
55 144
49 27
168 197
154 101
95 33
17 47
51 176
106 162
158 39
64 45
15 133
108 36
160 63
102 71
6 137
57 120
120 184
169 178
142 183
42 75
22 140
116 176
21 27
41 195
193 60
192 18
161 94
182 2
42 123
27 140
X
81 28
152 183
173 138
29 119
72 194
165 158
130 179
42 116
94 43
128 100
163 74
179 102
136 150
186 100
88 122
77 188
138 177
72 189
8 88
86 104
51 113
79 60
162 155
51 124
49 168
5 100
104 101
8 150
110 147
173 194
X
87 20
120 122
X
33 56
154 176
90 8
56 135
X
190 178
103 143
171 145
68 139
135 177
107 180
110 189
X
140 10
127 183
10 140
41 62
42 124
172 49
34 103
26 16
26 165
16 103
51 33
64 14
12 108
43 124
191 90
162 11
87 3
141 71
161 167
9 11
26 80
95 140
128 71
90 54
35 135
78 107
116 89
124 99
16 174
39 142
X
55 175
125 79
9 52
71 39
X
47 121
68 117
110 161
38 128
141 91
127 122
130 2
56 169
8 98
71 150
41 123
168 132
124 71
55 155
12 146
177 20
76 33
57 193
50 51
181 2
80 142
167 190
193 186
99 17
165 56
64 116
67 134
161 83
104 106
36 55
191 187
4 131
126 113
162 93
23 8
23 42
142 194
147 189
89 147
73 190
109 88
169 107
96 97
179 122
142 59
187 142
62 59
120 163
126 68
160 33
10 52
X
127 86
17 8
148 134
56 114
X
170 91
153 93
71 8
188 117
193 50
126 51
26 79
93 123
13 131
34 124
98 159
118 51
51 74
162 130
102 147
167 60
X
18 179
155 57
157 138
131 159
42 183
71 103
155 43
143 68
98 67
58 83
97 30
95 79
175 164
122 129
148 133
117 10
189 21
98 100
143 31
173 62
178 131
8 153
156 13
110 169
163 82
39 15
34 104
156 196
160 9
61 156
169 53
126 174
51 41
81 60
176 194
3 163
125 74
6 49
100 195
116 51
24 140
174 8
55 179
36 106
48 106
67 16
66 49
88 102
137 144
44 123
176 19
118 191
192 10
63 177
137 75
34 20
36 56
83 77
6 51
194 115
143 44
138 105
120 10
151 95
64 175
90 51
X
57 194
160 55
104 112
177 139
95 13
71 4
55 101
7 104
75 86
81 54
21 63
19 102
22 63
106 179
18 134
24 21
166 171
53 88
57 85
91 25
74 136
125 129
191 192
148 103
145 33
34 51
155 42
192 35
62 127
24 28
170 178
120 104
143 80
63 188
144 106
67 72
160 127
54 139
166 2
3 93
76 145
30 160
X
65 156
190 156
142 52
71 148
167 33
142 41
158 124
5 123
169 183
189 104
104 162
179 183
66 172
104 32
78 119
179 50
73 56
27 81
183 39
74 159
23 183
126 99
126 50
62 15
150 75
25 136
86 154
144 29
108 125
120 146
170 74
166 87
174 28
90 173
133 42
143 42
31 107
153 181
77 180
27 74
143 188
166 88
138 44
119 57
143 102
142 42
7 46
13 132
105 161
76 89
77 27
145 106
42 166
193 142
183 49
51 43
108 124
98 167
125 51
X
119 162
137 113
39 116
175 154
27 94
X
X
69 121
134 104
181 124
37 169
X
125 109
142 143
158 127
118 194
84 96
91 107
148 75
195 145
55 75
51 29
110 160
50 150
191 8
78 99
85 105
61 1
193 176
161 127
60 155
33 162
97 194
73 125
108 59
103 68
155 10
52 170
133 126
150 117
158 36
157 104
160 11
49 7
125 75
7 112
133 103
119 104
70 120
126 131
153 170
94 81
160 191
104 38
111 99
40 15
188 36
111 149
136 108
146 122
13 135
131 58
111 113
124 47
65 121
173 26
142 37
1 163
8 52
188 90
78 126
27 85
152 50
181 90
38 31
11 67
57 179
157 144
190 35
65 104
110 142
38 87
104 133
10 84
130 63
81 129
177 78
84 105
108 77
73 151
150 77
66 106
65 103
148 149
134 98
123 107
13 43
144 191
X
187 90
169 46
129 91
49 150
50 164
190 115
87 82
68 193
X
147 184
169 59
158 33
90 184
X
193 59
51 137
69 6
153 179
183 31
150 21
193 19
103 159
59 1
79 28
26 42
134 57
157 106
135 119
134 42
53 4
191 79
63 163
130 183
135 174
130 70
160 54
53 32
194 113
102 175
104 174
29 40
9 26
175 168
10 168
94 189
82 138
97 54
120 129
99 26
40 174
128 50
143 106
86 28
121 152
121 76
63 155
36 49
192 145
184 27
114 179
70 165
117 6
51 127
17 78
42 50
92 189
X
45 135
150 90
67 138
161 93
64 121
184 38
164 82
34 17
127 52
94 92
36 169
131 50
110 163
126 133
193 96
157 3
85 155
171 46
177 145
77 12
185 76
61 189
43 87
109 190
45 106
181 83
171 9
52 191
141 145
65 48
136 16
14 69
93 22
177 94
117 11
X
175 7
97 16
146 148
X
192 12
1 179
146 143
146 165
67 132
157 71
158 20
104 37
75 161
29 118
4 42
147 182
150 95
141 173
107 84
X
118 163
4 91
9 30
13 10
38 69
158 15
X
123 56
X
154 57
112 35
19 19
183 142
40 112
180 50
47 50
146 132
191 115
124 179
108 167
92 53
158 110
2 130
X
12 149
65 118
142 39
169 191
131 55
89 123
128 47
158 38
188 41
55 70
119 145
84 27
157 15
78 100
86 81
156 5
12 176
50 47
191 186
47 49
86 143
179 59
72 188
88 32
169 101
57 73
160 194
168 48
6 141
79 74
117 167
177 144
11 9
38 181
146 17
171 8
62 6
168 56
116 12
104 39
129 192
148 166
34 109
65 8
25 129
17 52
176 155
126 109
8 149
56 87
138 22
X
77 100
63 1
48 2
192 32
51 136
149 30
121 42
139 101
X
147 102
127 100
123 110
6 102
5 178
190 41
69 7
91 64
162 37
54 113
168 178
129 26
166 60
7 110
13 25
140 154
7 87
147 130
28 46
11 139
159 49
X
69 131
146 76
135 138
98 172
46 41
52 69
135 128
18 116
50 158
69 60
X
86 158
106 59
110 101
144 41
160 10
42 62
94 30
53 84
40 31
122 12
119 195
53 86
140 77
158 4
55 40
154 90
69 171
104 31
X
23 193
16 105
106 13
133 110
40 37
156 176
94 32
81 56
139 98
167 100
93 67
116 143
15 89
148 52
58 138
13 142
118 85
80 12
36 73
66 31
188 22
56 155
56 151
149 90
78 150
126 23
63 147
59 162
41 125
103 47
42 128
125 179
155 86
188 92
20 102
X
192 78
159 170
22 139
146 117
194 90
62 190
X
190 174
140 72
74 32
100 154
71 106
117 140
16 67
184 192
136 131
141 174
158 37
45 62
147 40
126 13
65 75
30 87
31 55
148 181
7 119
91 154
56 60
22 26
122 26
6 25
145 64
52 119
63 3
165 115
142 104
179 80
100 133
149 8
178 20
45 105
87 192
125 91
122 29
50 115
18 125
180 81
55 174
24 129
24 78
81 128
55 113
160 12
169 189
124 98
47 10
194 49
145 17
104 97
186 90
152 57
X
50 187
X
176 172
67 102
4 75
192 189
147 19
X
103 141
31 97
52 115
53 191
26 169
100 14
54 126
91 40
142 94
22 18
51 24
X
107 59
87 105
29 187
26 191
138 180
X
8 154
180 186
52 103
78 98
101 195
20 122
16 108
99 167
12 152
10 114
98 31
157 153
163 116
104 68
87 2
45 5
188 119
28 125
83 143
33 160
115 91
51 14
125 86
28 45
48 171
139 105
66 77
165 174
59 85
151 88
174 10
110 73
70 121
71 152
178 58
78 46
114 92
132 170
42 67
169 74
77 109
10 88
87 109
X
144 105
X
5 154
142 45
X
174 27
31 7
29 115
130 189
90 189
112 111
71 189
109 167
55 41
131 65
26 83
31 110
162 167
108 122
138 169
52 153
34 136
25 125
110 85
127 35
191 160
75 179
78 54
93 121
22 152
30 186
11 93
74 147
10 154
165 169
6 139
167 86
145 22
186 66
169 49
135 10
53 150
144 119
184 139
92 54
41 44
79 16
118 162
177 95
53 90
X
187 167
86 195
129 162
80 73
14 40
7 117
33 195
114 95
53 87
X
73 147
1 22
X
181 120
179 17
X
65 71
105 49
130 4
115 27
160 20
142 15
20 118
X
81 88
40 116
80 46
68 191
160 36
37 135
32 193
44 163
189 106
33 29
75 162
122 112
188 12
74 33
37 88
161 32
89 145
178 158
X
131 110
162 15
170 18
104 132
X
6 52
179 32
91 121
21 24
178 101
140 162
120 120
36 18
163 155
110 14
175 92
42 39
168 40
168 26
27 134
147 93
160 29
54 151
44 135
19 61
142 180
X
121 194
190 50
71 139
87 164
33 63
9 98
157 137
177 26
84 143
80 56
47 47
162 191
87 1
110 140
91 120
179 82
128 23
140 70
192 181
X
46 86
161 120
46 65
114 167
57 74
28 148
139 173
130 30
152 16
53 139
108 32
9 131
X
6 186
4 21
111 122
152 19
184 141
172 109
168 133
111 179
119 187
147 9
49 30
132 159
70 75
34 145
73 188
77 161
49 44
103 50
30 94
100 147
16 177
152 55
173 192
182 122
71 73
23 65
177 123
40 87
110 84
17 188
190 74
55 163
79 32
160 13
27 40
150 180
135 20
34 18
134 148
105 64
52 40
55 18
111 147
195 116
137 171
122 146
194 146
127 85
132 127
25 65
122 154
13 13
129 164
187 165
48 167
27 51
141 81
42 133
68 194
100 131
63 129
79 73
173 19
191 194
55 120
183 184
45 39
31 52
21 5
49 191
55 117
184 155
20 167
24 46
130 192
191 77
87 81
101 190
23 166
51 135
195 2
167 29
80 54
138 98
16 119
92 197
104 33
11 6
9 88
25 141
161 116
41 160
92 113
124 108
64 8
14 44
170 110
174 155
53 15
166 101
94 67
163 172
132 192
143 39
193 194
159 52
7 173
168 62
103 124
151 21
159 157
51 147
7 26
64 95
178 78
184 143
14 117
102 91
119 50
172 107
101 61
35 152
16 72
106 192
188 76
139 102
62 62
45 6
26 168
18 188
157 105
47 53
155 101
81 141
134 100
118 84
8 104
57 188
155 194
4 163
135 113
143 41
150 115
157 136
127 91
53 24
41 162
179 39
118 92
142 40
106 64
96 79
133 132
120 144
X
4 118
41 164
101 60
141 41
106 182
134 110
127 89
88 169
125 84
55 171
71 191
113 179
75 147
190 66
102 107
93 184
66 182
49 85
63 178
154 82
62 35
143 191
23 184
52 18
21 152
45 108
17 5
X
55 7
62 159
69 40
97 100
97 111
54 18
174 157
80 14
85 82
88 168
16 178
83 163
78 48
144 102
148 57
132 154
16 175
171 38
5 103
54 125
192 126
85 163
34 66
36 50
47 51
52 167
13 74
159 139
17 51
X
119 26
131 115
71 162
170 21
127 119
29 108
32 19
58 59
13 27
X
135 176
81 29
177 138
83 2
90 180
12 67
63 158
13 26
42 17
151 166
168 72
149 6
192 143
172 53
29 107
126 1
156 191
56 192
71 3
107 39
99 99
29 6
139 176
173 6
21 100
179 77
112 34
165 172
X
X
111 110
94 91
70 6
51 138
110 157
164 161
76 45
X
108 74
2 39
54 187
29 136
64 114
58 89
185 143
58 135
106 14
22 87
124 109
63 95
51 50
71 60
8 60
133 144
X
40 74
168 188
131 192
147 170
127 9
34 123
43 44
173 61
X
140 45
22 83
12 142
157 124
38 192
77 83
177 28
117 12
80 143
127 67
110 179
16 44
28 41
183 183
188 73
118 39
X
11 11
49 89
155 195
139 71
159 18
158 105
X
165 91
17 169
59 156
16 179
27 45
46 62
112 132
12 4
14 72
193 188
34 187
71 37
51 36
161 136
26 123
19 103
7 27
19 9
193 187
156 177
96 50
X
16 42
75 63
142 29
128 67
89 34
38 27
159 74
32 91
171 75
176 62
2 133
126 8
167 192
85 157
117 67
191 89
147 158
72 65
101 17
21 87
56 75
177 62
189 160
194 87
177 194
107 192
105 186
34 76
185 75
196 30
137 14
7 30
142 197
152 95
33 55
53 188
52 51
67 20
161 189
X
117 25
193 118
153 28
73 93
121 80
158 50
172 162
56 89
159 21
150 76
178 4
183 153
143 67
103 158
97 97
2 194
131 112
78 145
127 23
63 162
148 102
183 143
X
125 120
24 81
68 49
148 104
20 33
46 83
126 39
148 93
167 188
192 183
166 173
28 27
41 116
44 95
79 180
8 120
184 142
50 84
180 3
174 76
81 47
14 27
119 43
113 138
51 32
X
189 172
181 118
75 137
26 12
108 111
48 156
92 64
37 181
87 19
51 47
134 76
178 172
79 39
69 2
185 77
26 195
76 91
176 106
48 164
X
137 150
10 4
126 48
135 132
114 91
35 51
129 159
33 186
X
35 110
88 167
155 49
17 137
143 148
172 160
54 136
77 51
68 16
94 42
169 181
85 164
86 114
54 55
141 196
186 155
69 3
186 171
12 103
41 143
75 29
64 180
92 89
36 104
112 142
117 53
110 118
50 113
76 1
66 73
161 86
105 127
35 54
14 129
X
192 170
171 61
102 68
10 48
172 138
120 147
188 106
X
93 197
45 123
40 161
X
88 7
30 27
13 55
106 47
91 197
189 12
87 30
86 105
161 77
X
36 20
122 158
65 46
66 16
34 106
X
178 18
191 37
111 34
178 62
31 91
15 79
151 165
175 169
23 195
109 132
8 12
181 108
78 16
134 24
135 18
X
X
132 110
187 21
167 181
162 153
37 56
4 161
81 32
197 57
22 101
134 23
188 10
44 77
166 154
X
61 179
12 90
180 35
154 92
80 29
143 53
X
63 50
15 108
86 10
72 93
154 71
120 191
38 182
78 146
81 46
4 40
99 100
46 82
55 35
187 20
24 119
20 9
81 86
63 116
118 43
113 147
133 159
X
46 84
105 39
130 163
X
65 182
42 136
117 162
63 11
123 162
148 77
23 83
132 130
85 57
162 36
137 101
24 137
51 150
51 163
24 65
179 184
160 60
193 146
192 186
139 11
19 8
192 172
132 188
136 75
49 28
140 11
25 40
107 120
67 33
103 153
18 178
144 118
X
74 134
178 117
139 100
189 100
159 156
131 38
4 43
54 110
152 17
122 11
154 180
14 119
40 29
148 132
5 62
X
141 194
156 142
20 121
108 157
160 52
63 15
190 65
41 83
164 58
13 90
175 130
26 119
56 83
123 174
5 141
5 173
74 57
85 21
X
36 175
176 97
138 91
55 181
136 119
113 27
82 49
X
126 49
133 164
41 10
148 171
189 76
29 47
66 175
25 191
129 165
117 144
18 169
164 159
182 91
195 128
49 84
69 119
45 104
103 99
143 144
100 91
81 2
121 77
185 136
152 184
64 77
14 133
78 49
66 4
16 104
167 61
81 48
155 13
48 10
147 36
168 41
183 104
X
110 111
41 97
39 39
105 180
133 149
X
155 192
42 77
125 183
91 133
17 80
139 177
106 31
133 98
166 91
112 98
73 185
40 27
151 167
97 82
179 81
24 115
178 35
78 83
137 12
90 10
157 72
87 27
175 131
105 179
84 73
176 117
78 180
70 102
42 82
107 182
127 11
84 30
110 176
98 147
193 93
83 141
4 148
23 86
100 24
56 67
3 41
10 6
14 191
75 3
105 97
44 161
112 176
59 3
17 76
X
103 164
92 133
123 129
124 121
189 35
93 64
5 133
62 8
141 52
87 68
90 158
5 75
142 184
112 175
15 132
196 97
52 30
57 77
24 195
13 46
90 148
56 32
21 155
178 157
162 154
70 57
65 36
49 189
41 98
87 147
137 20
73 67
154 84
105 68
41 4
90 7
42 5
44 115
170 28
33 50
21 147
188 13
88 158
182 3
108 34
157 8
75 66
79 119
156 153
36 144
49 188
180 52
146 121
60 88
61 181
121 13
105 51
88 10
91 182
190 46
49 88
122 74
29 146
64 31
52 114
57 106
176 109
12 11
121 154
155 1
69 4
89 2
32 194
4 146
118 95
187 143
100 18
62 143
52 36
82 88
121 186
129 23
137 152
53 175
92 41
81 3
41 196
128 35
126 45
90 53
114 28
122 125
92 140
93 107
75 133
176 158
129 153
169 135
21 34
3 185
100 173
33 95
134 54
137 114
20 190
34 27
16 73
176 118
141 95
138 42
54 106
177 109
39 112
X
44 155
65 169
164 118
93 62
5 190
3 21
106 76
71 71
X
37 77
61 5
53 120
64 163
X
112 113
178 122
138 72
188 157
166 172
66 76
110 55
116 163
18 177
91 173
64 96
68 60
34 54
134 168
175 95
136 71
125 149
52 27
34 185
90 197
56 165
145 197
175 194
5 119
112 189
X
168 121
87 194
171 178
138 93
56 164
124 70
174 26
181 117
154 49
98 8
15 76
156 156
166 183
53 23
182 30
20 124
191 179
95 14
122 144
99 25
91 129
138 119
53 21
23 168
81 142
191 170
181 179
161 174
134 101
130 156
92 196
129 65
5 139
66 15
56 58
30 110
151 6
38 194
126 84
126 24
74 166
192 2
11 176
169 141
123 113
45 156
85 137
118 68
55 150
60 158
67 32
18 5
20 5
94 40
69 194
21 102
165 155
43 48
191 4
84 140
161 29
18 152
39 196
186 106
76 96
X
X
5 174
141 162
51 119
38 112
29 114
26 118
54 75
84 99
X
181 196
112 110
150 19
30 73
129 179
140 83
78 14
121 124
67 172
123 74
151 137
24 185
51 154
172 161
175 82
18 133
73 91
186 172
144 57
103 125
84 101
169 188
141 10
66 176
96 64
44 181
193 129
51 158
105 192
52 79
92 174
181 102
4 93
27 96
41 181
109 31
64 7
94 89
127 87
27 171
163 174
93 122
88 56
192 182
166 83
25 43
74 87
84 88
20 166
126 10
119 186
17 67
125 60
143 82
87 18
74 100
143 184
4 139
6 71
13 179
131 52
90 101
168 65
4 190
43 3
52 55
9 4
25 66
105 154
167 189
5 98
69 102
10 146
71 136
97 113
66 7
96 19
190 195
70 128
1 95
38 39
67 105
4 123
167 31
148 90
73 161
49 86
57 21
163 152
115 86
150 118
191 22
178 123
77 98
X
90 42
187 170
135 24
34 149
24 165
51 30
165 60
160 31
87 95
134 72
103 163
123 133
159 105
144 31
77 32
147 191
172 50
133 150
130 23
127 123
128 24
15 106
X
92 109
49 195
149 118
126 182
18 186
42 70
27 136
174 77
29 98
162 122
169 197
154 146
183 154
102 60
113 26
5 192
70 76
150 88
162 194
76 47
27 78
65 11
34 105
17 121
125 35
163 93
16 93
179 108
41 91
107 119
27 76
45 110
158 137
69 5
52 120
94 193
91 130
56 5
124 69
94 129
117 186
5 60
39 65
25 15
49 4
160 167
47 3
111 134
12 85
192 38
18 165
165 2
128 37
85 30
164 172
X
56 79
16 27
71 147
54 20
121 59
182 190
53 127
70 36
154 142
175 158
184 137
137 15
X
19 119
62 180
130 154
163 94
35 144
168 102
78 161
104 172
142 181
84 28
170 179
69 16
168 161
78 147
167 27
155 68
38 115
121 162
178 95
175 197
27 75
X
X
102 92
195 97
139 152
76 162
17 125
21 84
113 101
107 15
49 109
86 27
188 14
50 18
161 110
100 16
172 179
X
159 194
40 76
57 109
155 4
11 142
X
123 172
5 117
17 168
179 29
189 80
149 169
84 76
124 183
30 190
33 17
X
22 17
109 171
97 19
113 150
165 87
51 44
102 28
52 136
84 81
134 56
X
26 114
194 46
129 45
192 177
196 95
24 124
40 62
139 154
8 72
105 55
178 27
74 158
28 168
177 108
54 157
68 102
90 145
177 172
48 108
177 130
X
4 26
110 58
50 88
22 28
44 44
115 6
169 18
27 98
40 194
12 141
24 117
11 88
161 96
192 174
87 93
151 169
38 56
164 56
67 158
155 193
118 105
102 97
191 88
57 190
84 68
X
178 32
6 50
145 65
21 36
147 190
X
3 173
92 112
114 86
141 177
46 108
12 3
53 30
160 139
72 139
19 6
122 151
91 193
74 101
144 143
17 55
67 17
35 139
157 146
130 50
79 136
42 119
X
27 127
43 181
13 176
68 45
68 46
13 178
111 132
118 67
159 133
142 106
87 162
127 90
12 153
145 188
88 70
187 137
28 16
98 7
45 44
189 130
13 80
103 97
188 89
124 74
148 95
157 12
149 166
4 72
97 159
23 185
98 165
122 130
165 90
14 48
186 141
81 27
4 119
151 134
163 107
65 1
13 11
130 45
75 102
63 192
113 10
147 7
166 6
193 78
89 149
140 14
104 35
133 148
158 121
7 123
145 134
136 74
23 191
108 127
7 174
149 78
138 112
40 164
X
148 78
129 4
152 133
135 75
155 70
12 154
170 41
X
170 65
68 59
19 151
75 163
192 11
38 193
76 4
189 22
159 10
83 73
145 40
34 148
125 58
27 84
180 105
59 83
76 105
9 166
151 16
138 18
135 126
5 26
151 40
83 136
X
119 58
60 84
122 109
141 123
43 164
141 144
7 75
119 70
161 195
151 31
189 115
44 46
18 175
126 47
188 35
139 83
51 55
16 53
121 10
117 9
9 112
169 19
17 123
42 87
141 121
41 19
152 91
159 96
120 193
143 180
23 18
71 135
8 102
173 146
97 63
101 193
146 77
111 171
120 195
108 84
172 146
186 67
34 63
130 71
81 33
79 138
133 140
194 88
168 38
24 47
X
134 138
93 82
38 184
55 145
40 128
70 194
61 95
75 177
143 36
189 165
192 142
191 18
189 128
39 29
101 172
166 85
89 33
167 3
117 7
152 86
169 194
117 24
152 90
182 109
93 69
130 155
46 2
191 177
162 118
175 162
74 157
39 171
33 181
166 169
50 74
136 77
151 181
195 113
50 55
154 94
138 121
86 120
17 56
12 147
158 129
97 156
19 123
75 106
108 170
143 64
96 159
152 164
66 114
87 158
98 33
46 38
148 165
16 107
11 69
85 141
171 123
74 163
99 88
89 105
66 5
63 180
111 170
187 18
112 119
5 193
105 73
57 89
94 62
41 166
42 19
24 121
22 9
159 103
137 145
85 68
49 8
98 156
183 186
136 167
X
195 186
123 10
32 17
96 14
166 155
X
11 149
52 32
71 87
86 121
118 90
6 11
13 24
194 52
35 17
74 60
64 143
186 138
83 82
103 72
6 98
72 166
68 36
117 80
X
77 56
122 14
13 93
68 176
54 109
101 154
126 31
6 140
191 60
143 58
X
23 6
44 82
78 36
123 60
21 32
143 197
132 168
180 177
X
177 117
8 59
36 105
171 18
68 44
25 185
53 7
172 39
77 150
156 105
62 58
172 26
152 176
11 84
3 91
88 109
170 60
170 89
10 110
188 18
X
88 59
38 66
52 47
137 138
169 121
16 89
59 158
84 72
88 145
14 141
88 121
75 150
192 156
138 156
171 10
193 114
121 78
49 43
26 45
73 189
128 31
4 153
146 147
92 182
110 138
98 174
42 74
170 177
86 168
174 162
195 187
93 129
105 159
51 171
141 160
168 52
X
137 89
9 50
74 97
148 18
165 6
79 29
187 141
158 63
35 103
46 85
62 188
105 189
34 181
178 154
173 46
78 47
187 65
114 10
148 170
33 192
112 120
28 121
132 126
190 166
93 112
105 188
32 155
100 166
182 38
4 132
116 49
179 72
110 122
144 184
109 122
105 142
70 50
108 113
138 77
181 95
17 27
159 169
74 96
138 154
3 139
69 138
167 135
26 40
131 114
16 51
53 136
185 91
104 175
71 132
156 68
38 30
128 99
159 171
187 140
73 63
4 154
190 68
75 6
X
93 80
X
12 151
28 80
55 182
51 174
55 146
159 95
172 106
68 37
82 73
107 181
87 119
56 170
147 38
76 107
126 27
161 137
92 139
3 141
193 126
85 84
162 127
170 183
71 38
179 106
60 87
12 107
21 6
162 190
128 38
94 69
23 35
145 115
31 152
149 18
104 182
83 90
77 13
63 93
72 150
131 153
155 9
145 19
55 55
120 124
111 118
75 105
134 113
188 67
X
173 142
169 62
176 81
128 189
77 16
127 8
55 195
42 43
101 19
20 153
64 3
158 42
137 140
95 85
177 93
91 51
X
41 29
13 88
83 71
41 48
141 146
145 52
44 98
7 77
65 3
81 89
42 125
162 82
93 108
61 188
192 39
179 186
158 3
19 115
30 146
87 146
26 87
93 136
10 2
169 139
85 95
51 120
186 105
112 187
131 111
47 48
179 31
152 137
68 175
141 163
83 162
110 31
186 104
16 92
174 160
114 12
21 67
143 33
68 136
18 118
160 110
96 30
159 173
90 183
164 169
110 15
67 114
X
49 14
170 87
103 25
86 8
103 182
189 14
49 2
77 34
194 50
194 56
107 189
164 171
46 44
36 109
45 107
183 181
142 145
98 90
167 197
X
61 162
18 115
125 133
68 134
42 37
X
138 164
147 164
49 17
180 117
90 123
38 40
34 77
191 178
180 91
37 74
18 189
179 119
150 20
6 27
X
29 106
26 193
168 39
176 157
56 167
122 123
155 84
56 24
11 178
45 2
129 71
25 139
179 53
55 73
23 16
112 133
23 68
87 35
193 21
X
134 21
78 80
44 6
88 104
116 10
52 14
132 56
80 36
134 77
38 169
39 87
188 114
7 58
129 163
152 28
117 8
123 175
141 16
122 162
98 176
75 138
X
85 73
56 163
32 26
189 65
190 79
10 28
100 12
192 60
30 66
13 40
40 86
112 179
117 42
19 156
110 190
174 156
180 39
56 168
89 158
28 139
110 98
64 192
14 53
X
141 195
177 142
186 103
158 130
91 177
41 179
61 155
13 72
123 154
52 78
94 191
68 182
133 56
54 68
65 102
110 132
70 190
164 85
158 107
16 106
75 122
189 193
39 146
3 172
12 148
X
146 145
141 56
30 32
X
175 170
9 103
102 6
116 47
18 123
175 102
193 3
28 28
2 93
56 73
162 106
34 49
14 140
136 148
140 9
137 96
41 6
17 53
11 154
179 16
8 58
118 167
179 27
102 70
97 52
88 114
1 23
97 83
86 17
92 43
105 98
109 77
7 113
86 113
135 98
177 81
52 163
166 153
173 20
79 179
7 171
172 142
84 89
73 138
96 166
90 190
103 88
9 99
147 117
99 5
3 140
157 1
150 181
127 173
180 195
84 136
130 46
120 158
154 136
77 54
164 59
138 89
112 33
53 163
29 186
32 5
132 153
176 197
54 147
X
72 147
171 119
176 20
148 164
94 194
141 184
32 125
54 50
153 52
158 29
24 27
125 80
5 59
54 107
64 145
X
91 92
33 5
66 177
160 53
157 145
142 103
12 80
165 4
28 116
169 102
165 181
135 130
63 35
159 31
68 121
88 8
169 51
102 131
21 68
103 149
96 67
124 132
34 184
156 120
73 162
41 49
159 42
151 180
96 32
36 147
78 37
132 155
179 79
49 18
179 158
X
108 123
141 92
151 37
141 82
191 78
152 39
136 132
11 77
135 77
93 138
34 65
134 132
120 37
44 10
161 38
175 104
6 171
55 114
55 78
95 24
67 162
66 40
44 47
2 25
118 24
70 125
112 36
8 84
31 94
70 86
X
86 84
9 150
38 147
35 185
175 108
159 36
39 173
29 110
52 101
76 146
6 14
133 38
167 30
169 176
158 57
71 56
139 104
192 130
X
42 120
158 21
72 126
122 80
147 37
61 94
161 172
125 52
141 75
105 57
X
192 41
X
106 39
66 35
93 183
151 43
X
170 133
34 146
165 179
99 147
195 57
76 109
88 112
8 13
187 157
109 98
25 44
8 168
46 64
169 50
X
174 31
117 39
X
12 38
55 187
140 183
56 120
181 181
5 171
175 133
X
103 112
28 128
24 40
112 112
33 52
60 83
76 34
21 9
170 143
64 190
157 9
107 60
15 77
95 100
80 39
51 173
105 27
53 27
4 39
48 169
67 177
151 28
155 144
130 188
168 176
51 35
53 138
3 39
147 64
72 67
164 78
97 84
27 47
74 1
22 138
109 187
119 140
25 83
6 154
25 165
119 108
138 94
1 176
182 52
30 29
90 194
88 149
114 163
53 78
120 140
75 7
86 9
4 120
34 125
194 179
146 18
90 177
178 76
192 118
176 61
57 118
173 28
97 15
69 56
63 182
177 170
172 178
95 137
24 68
128 180
55 47
10 11
X
161 138
156 10
138 20
65 16
99 158
190 104
13 44
18 119
66 121
99 109
26 181
176 59
X
63 156
188 137
62 145
159 57
11 10
92 190
5 29
81 59
195 179
140 184
7 167
111 98
156 154
152 92
48 5
122 86
124 124
X
76 90
145 67
44 70
158 139
120 123
122 25
14 38
156 122
90 192
77 157
188 143
118 80
112 130
68 181
126 129
79 129
120 132
31 125
16 116
175 6
121 43
38 51
186 156
105 56
51 139
153 29
72 64
150 164
120 121
109 113
36 77
135 122
123 31
29 139
157 139
43 162
189 192
184 37
109 159
24 183
195 127
66 178
61 128
129 51
8 123
36 149
175 94
145 20
178 124
73 150
85 143
33 153
121 121
150 28
138 92
77 151
67 34
136 89
39 175
70 60
146 166
46 104
180 48
119 193
99 24
102 69
110 112
159 60
136 105
36 107
82 72
192 90
133 163
189 141
39 67
140 89
X
154 56
115 52
98 113
165 176
150 160
33 182
78 60
130 67
17 167
54 47
114 175
87 56
107 77
X
157 60
137 103
27 87
85 101
56 110
14 67
54 52
157 101
132 115
16 137
95 159
176 138
28 72
48 154
159 130
141 143
95 138
55 173
147 52
180 92
71 102
134 73
34 143
180 192
152 88
139 70
188 100
127 175
6 26
75 180
41 50
137 110
X
53 100
X
139 9
97 69
X
118 83
52 158
43 82
193 88
69 73
93 119
X
53 192
74 189
1 25
92 175
105 160
8 76
22 150
21 154
2 132
106 124
3 183
X
7 11
70 48
10 111
76 49
104 179
165 86
25 84
162 78
196 96
14 108
X
182 39
37 175
81 44
70 19
84 141
18 74
118 192
178 168
188 151
92 176
130 159
10 87
158 153
57 107
75 98
48 55
160 61
12 132
170 138
160 106
47 54
132 165
32 98
170 72
72 187
90 169
179 30
X
169 103
14 57
162 86
143 195
61 15
144 123
154 105
143 145
128 30
185 138
150 185
91 62
32 170
59 4
82 4
79 27
53 181
183 106
137 119
160 120
72 56
7 52
106 77
68 116
X
158 62
121 39
178 60
122 133
106 143
67 163
56 86
169 119
55 139
29 33
X
29 104
183 124
100 175
76 88
54 118
X
99 172
41 74
68 35
110 32
79 2
31 154
19 18
50 77
190 106
175 134
35 56
102 98
69 70
86 7
143 83
188 8
14 131
191 50
147 22
74 98
31 174
88 53
75 119
91 111
56 166
28 49
28 136
159 153
1 91
126 71
102 152
68 57
147 166
164 158
131 57
127 84
183 177
165 76
92 40
33 123
92 120
31 6
81 1
176 170
56 113
184 191
40 166
104 49
43 155
177 196
27 123
4 74
191 118
90 1
49 47
30 105
56 62
74 34
81 90
120 11
195 3
181 123
139 81
125 47
83 83
42 135
136 177
160 133
8 73
145 131
87 157
134 74
70 40
112 150
170 39
X
50 157
134 70
29 120
124 85
34 195
X
32 89
18 156
31 106
8 112
142 33
21 28
57 187
38 37
141 176
65 49
12 73
16 90
X
X
35 49
165 180
149 67
136 123
X
181 109
83 68
35 181
29 28
110 139
110 188
10 112
113 141
42 86
123 86
109 157
96 164
166 4
75 178
91 112
128 2
194 80
166 161
133 141
21 153
173 195
59 163
126 130
57 191
120 15
159 93
167 158
38 42
195 59
68 47
182 90
104 152
21 62
183 103
17 9
13 77
7 10
3 161
60 58
23 9
34 74
31 192
137 98
179 58
178 120
29 141
95 52
X
175 9
23 5
162 174
106 142
48 163
99 157
22 147
117 93
10 89
1 92
160 130
101 108
170 51
42 15
98 134
102 19
146 52
183 35
61 58
23 24
194 86
98 68
73 60
71 89
100 193
91 3
131 42
93 131
76 39
74 139
163 96
146 120
33 66
71 134
12 105
9 154
189 195
19 63
100 5
22 137
86 108
26 120
33 98
197 58
53 43
103 127
123 161
98 32
46 39
160 57
147 181
152 82
56 195
120 148
29 190
23 41
145 18
43 46
77 14
161 42
4 77
37 49
13 70
67 49
X
6 12
X
182 48
66 11
1 93
61 182
190 119
49 187
71 88
137 72
98 51
138 108
83 164
161 13
73 86
111 175
111 168
19 167
158 32
171 26
88 120
171 146
187 68
104 92
60 86
28 74
145 195
25 195
66 168
157 68
10 14
120 108
175 160
43 128
100 19
176 18
X
104 164
142 105
6 183
2 131
90 41
135 150
193 117
66 102
71 104
27 97
190 118
27 137
43 126
188 165
171 183
110 17
85 162
186 167
127 39
193 2
128 4
107 70
106 50
84 21
98 50
19 169
X
55 16
86 169
6 104
49 193
42 63
87 59
123 121
24 134
120 133
121 144
44 179
91 110
61 175
157 191
137 148
145 196
179 83
138 111
23 192
24 18
X
120 41
168 74
111 167
48 7
62 175
148 106
117 41
52 195
43 166
6 146
104 91
194 30
75 34
127 176
52 135
40 77
101 149
84 164
134 188
87 189
192 178
62 31
118 41
195 4
89 170
56 3
146 23
60 59
75 139
35 155
130 180
76 157
86 109
190 101
158 8
156 144
143 29
12 104
17 44
109 19
130 31
79 157
34 186
63 45
181 190
44 36
53 174
61 11
105 36
172 31
111 73
52 67
157 70
29 188
108 118
195 115
146 123
153 90
7 168
153 30
109 130
126 70
32 87
X
192 180
156 8
37 138
128 188
109 123
188 91
68 177
77 80
68 115
64 76
63 51
28 47
85 34
51 52
X
107 187
10 113
126 86
88 154
27 168
136 91
57 33
100 165
47 55
89 7
71 40
81 45
65 50
48 104
86 35
143 146
126 4
181 92
191 10
55 147
52 70
9 168
88 99
46 123
126 89
130 182
182 118
112 190
158 49
104 142
174 164
54 115
90 112
134 105
95 53
169 65
71 128
8 118
87 4
68 180
122 121
136 144
107 72
188 156
173 18
72 190
81 136
49 166
124 78
X
139 174
33 30
43 156
13 56
X
101 62
186 154
151 90
152 49
82 50
38 55
157 49
51 23
168 28
130 153
158 56
107 71
70 127
159 106
93 84
167 28
31 28
142 90
175 161
74 4
153 82
20 104
141 119
31 195
32 49
77 107
28 169
106 73
16 24
57 22
32 94
64 1
125 97
141 72
138 96
56 6
178 155
41 193
195 143
175 109
12 15
159 127
29 121
15 48
14 93
49 192
191 19
32 110
123 105
57 79
113 149
X
160 74
57 58
180 83
10 50
162 192
55 3
168 60
31 8
66 6
61 180
82 44
116 178
17 72
169 142
132 132
80 27
10 153
3 190
169 196
144 197
39 36
28 149
101 92
126 3
67 133
63 128
47 120
7 85
124 89
177 60
6 13
56 59
23 151
163 78
135 72
53 115
78 56
162 19
10 51
88 113
51 78
137 155
14 118
141 59
54 67
X
99 113
49 54
161 84
49 40
38 68
187 168
60 62
129 67
132 163
76 87
25 49
11 38
94 197
191 165
66 1
55 136
156 124
52 176
6 24
29 5
121 192
182 104
X
127 10
56 36
191 129
94 31
117 70
109 35
85 33
157 14
7 73
166 103
X
55 108
170 76
6 22
144 194
171 139
24 123
X
165 89
145 145
125 10
132 191
44 113
119 153
14 80
54 70
76 189
78 106
177 32
17 156
175 107
61 144
159 78
134 126
155 3
56 171
89 10
143 40
190 75
109 131
84 20
56 182
195 119
155 72
91 158
183 107
33 155
162 96
147 188
105 31
88 9
93 91
X
55 110
132 109
105 25
87 84
98 107
169 138
163 115
126 132
178 133
14 116
67 40
55 54
31 54
33 51
17 74
113 100
30 5
5 71
164 160
55 77
194 144
92 177
11 68
172 110
87 125
169 28
187 88
197 59
24 20
124 23
6 10
69 71
73 6
53 180
62 147
122 10
190 168
75 121
52 88
44 37
99 108
8 100
172 29
160 93
X
7 111
86 101
134 99
91 155
82 86
65 120
30 98
155 2
X
125 38
53 3
185 74
59 161
6 48
32 186
132 128
154 37
132 99
123 26
98 173
66 181
191 166
142 150
60 127
165 85
119 143
51 18
184 190
107 35
166 178
180 191
99 12
105 152
42 155
82 46
20 119
121 143
46 106
40 69
133 112
128 183
36 172
121 158
19 125
128 91
76 102
27 53
29 76
94 85
124 91
88 101
101 176
5 151
X
162 74
41 155
91 157
52 168
104 110
98 148
130 65
63 171
161 8
112 140
135 22
151 7
130 28
106 60
113 8
141 197
4 184
194 183
87 34
5 58
128 85
150 9
194 32
155 85
95 51
65 35
193 175
28 170
113 11
189 167
X
71 92
113 140
190 73
173 160
110 130
80 127
172 163
11 37
X
104 131
52 141
X
42 158
74 89
89 35
111 31
88 29
86 161
74 126
124 56
29 26
108 38
172 46
126 176
25 181
140 181
64 94
116 67
3 194
100 88
53 5
51 140
11 177
88 189
68 172
76 27
77 121
75 83
98 14
160 78
94 22
27 49
194 60
39 147
77 39
70 3
124 110
51 84
123 57
100 167
16 156
31 5
39 18
74 160
158 104
162 195
X
93 109
74 91
118 37
33 49
148 114
59 62
54 100
193 116
190 67
135 175
105 58
16 191
130 191
25 46
55 74
123 160
158 194
146 150
41 157
78 81
43 112
28 94
132 98
23 194
30 148
120 39
39 31
148 131
62 97
36 148
151 29
105 71
31 66
84 74
74 99
28 52
154 135
102 24
69 93
192 22
118 47
X
97 189
27 119
41 47
195 32
100 92
144 188
133 192
31 170
12 69
185 155
41 156
108 161
5 172
X
171 11
104 144
14 142
16 46
146 56
57 62
69 46
105 190
63 179
8 30
106 140
39 19
154 70
21 151
174 32
188 11
68 72
180 54
42 181
60 8
65 115
121 108
X
52 77
178 5
191 56
95 97
X
23 21
5 186
122 28
8 71
188 154
156 194
107 19
146 119
147 114
68 179
78 38
63 130
160 56
188 66
45 86
35 154
76 46
152 20
117 91
44 49
172 6
149 66
119 184
174 197
148 6
44 62
112 122
41 7
54 163
X
X
103 48
41 180
163 169
9 114
134 146
86 193
152 56
139 99
73 166
187 104
21 86
181 177
17 77
44 182
110 13
147 148
36 103
123 171
120 43
85 27
34 189
194 118
131 62
176 91
57 24
78 174
144 59
153 84
31 103
151 176
83 161
63 143
107 190
62 182
59 160
149 31
169 145
100 13
182 25
183 180
30 47
68 114
162 39
7 154
155 196
102 100
44 116
60 163
X
70 70
180 76
190 18
169 132
187 138
177 18
110 77
180 156
X
66 75
150 169
193 113
156 180
104 107
41 146
54 158
195 118
192 5
53 6
152 135
38 124
97 112
113 98
182 4
180 30
30 91
166 167
56 68
15 179
127 170
13 51
60 3
74 188
64 191
33 53
66 158
152 182
70 8
33 161
11 151
191 188
6 185
149 64
77 15
159 124
173 31
187 136
87 155
160 169
117 38
2 192
70 163
180 72
187 159
176 17
67 168
142 31
52 84
137 102
96 68
98 52
165 117
26 141
160 18
X
115 175
162 124
147 88
168 120
31 124
131 54
32 8
188 167
6 138
157 193
46 66
159 101
137 149
157 10
129 188
78 102
X
67 37
41 5
38 49
30 74
X
141 150
156 155
40 173
121 40
49 42
118 70
74 161
X
32 31
130 24
163 109
44 119
98 92
73 88
81 55
7 60
161 118
44 74
76 86
120 131
165 74
24 116
159 63
42 66
51 27
109 100
74 131
7 165
115 12
36 17
139 180
190 51
165 194
180 2
181 27
125 36
63 47
175 97
167 180
34 194
181 121
38 144
86 119
132 169
158 2
15 176
58 61
69 50
91 118
88 27
42 48
75 135
76 83
171 48
7 71
59 155
67 139
136 127
56 70
33 184
42 36
138 122
182 138
37 89
30 150
175 163
71 74
29 148
108 88
11 76
67 137
X
14 102
179 105
190 102
52 124
87 58
165 116
147 54
67 121
30 170
19 191
158 30
52 157
X
157 69
94 90
53 137
140 16
X
55 21
19 5
54 164
86 196
108 160
31 105
13 54
28 40
4 137
53 124
82 141
128 192
125 176
126 14
X
114 24
75 67
22 32
189 143
177 72
X
102 176
169 47
138 183
85 93
56 190
160 21
25 150
166 135
167 87
71 6
151 22
172 52
41 84
124 87
175 171
61 176
13 47
160 174
84 75
42 40
16 68
84 93
38 53
69 86
34 73
123 91
72 88
127 109
112 39
44 96
86 122
115 95
56 139
84 94
107 74
180 124
172 180
147 162
125 121
162 42
27 138
136 18
179 19
167 161
32 108
107 123
4 147
85 56
136 76
159 167
186 136
182 179
151 164
80 77
25 53
15 193
50 171
36 145
35 184
136 109
18 174
76 160
158 19
22 60
32 160
193 20
114 178
97 79
86 192
51 80
44 137
79 54
45 41
111 100
67 35
130 27
79 36
175 105
127 71
164 168
141 175
147 67
53 29
193 127
57 182
139 89
48 50
194 47
73 65
33 185
138 181
25 169
7 14
92 184
86 194
134 171
X
155 82
147 132
193 4
161 95
89 155
81 125
67 116
39 17
169 38
109 99
195 142
38 44
193 180
69 75
100 172
39 143
139 76
112 32
98 91
30 108
41 2
125 67
57 181
48 158
180 36
102 89
89 176
1 24
160 15
X
171 189
56 106
151 18
X
124 31
159 13
87 163
177 132
34 155
193 86
161 133
23 67
161 78
138 170
X
93 25
63 168
174 53
99 110
89 59
81 126
11 2
32 63
163 118
35 108
172 30
90 43
182 124
146 149
66 3
102 134
184 151
X
72 162
108 19
144 181
189 174
85 99
96 63
100 191
65 106
87 97
176 16
124 68
85 19
45 9
89 193
49 104
126 37
36 146
141 122
X
71 138
160 62
83 70
139 16
121 38
64 189
26 194
75 134
36 185
116 28
57 32
3 179
122 111
188 175
143 43
67 46
43 183
62 3
22 135
150 171
24 120
192 9
176 95
54 195
79 12
67 161
121 109
57 36
98 193
27 139
74 128
74 67
174 138
167 178
67 157
171 7
15 192
118 86
74 81
146 40
54 40
186 88
69 89
109 169
51 146
165 197
172 40
63 145
155 39
56 153
164 6
122 104
171 21
104 89
96 66
184 136
104 134
197 182
103 142
31 190
55 23
86 29
157 135
43 94
117 95
128 3
194 48
194 79
16 91
31 50
28 13
96 81
26 51
122 78
61 127
194 31
167 4
194 82
6 62
3 178
10 47
78 29
3 43
80 32
138 161
X
23 84
13 192
X
131 41
120 70
23 165
183 179
125 100
97 80
183 196
65 6
X
115 48
X
105 191
52 125
127 124
61 4
40 162
43 119
4 94
6 184
176 82
52 102
49 3
X
X
162 40
106 18
85 71
4 176
67 159
88 98
115 49
119 27
142 36
54 24
176 168
154 91
88 68
41 86
127 111
134 22
44 133
40 115
X
151 9
74 80
103 176
20 36
104 72
6 132
24 25
100 15
104 36
126 183
106 63
66 155
23 14
129 47
150 158
182 106
194 178
11 13
73 191
172 18
144 54
146 144
109 118
154 95
X
52 150
121 120
96 156
104 61
132 103
38 127
173 53
118 140
56 78
X
148 9
166 174
152 22
189 79
103 92
123 23
53 35
192 115
23 61
109 59
28 14
177 27
134 71
89 173
63 159
169 29
13 191
2 41
130 25
104 173
53 85
X
117 27
43 40
126 119
26 78
X
13 181
78 129
146 130
151 170
103 28
135 139
30 193
X
67 171
35 147
18 73
151 171
46 67
29 103
173 33
93 89
64 49
83 138
190 14
149 164
170 135
179 2
30 75
103 151
24 191
166 104
X
149 89
90 146
120 56
X
40 172
146 21
182 93
66 116
129 1
193 189
62 130
115 51
X
56 108
63 8
165 77
62 177
128 84
83 84
130 69
16 69
172 176
53 36
125 148
147 150
55 106
181 101
86 191
152 169
86 197
124 180
17 133
23 167
23 17
86 141
109 148
177 168
133 146
8 46
21 60
138 171
74 86
121 146
56 88
24 79
93 79
28 44
177 83
X
33 31
113 6
32 185
136 146
55 194
98 111
13 15
133 147
8 146
177 76
72 127
175 172
171 19
113 24
26 53
9 100
65 72
44 124
161 169
X
75 32
162 115
38 175
138 45
194 89
179 18
182 181
24 181
52 75
63 169
135 171
29 7
71 146
97 190
51 51
5 101
168 63
162 41
28 42
67 160
166 159
4 149
50 30
21 104
51 28
25 52
125 76
143 65
140 155
22 34
9 46
140 12
135 11
149 29
164 173
97 98
141 14
12 5
152 43
190 120
111 138
X
46 43
4 133
X
116 68
140 173
167 91
23 15
129 156
171 51
171 191
79 121
15 42
39 128
31 120
79 177
138 75
149 68
74 150
184 195
150 161
138 173
180 77
60 85
63 31
83 81
21 8
13 12
79 31
148 168
166 102
64 75
53 41
77 189
128 153
94 192
187 22
13 89
28 76
141 76
154 89
76 28
39 192
55 24
174 158
5 149
7 16
4 73
155 53
100 150
79 49
7 146
187 102
24 87
25 45
98 30
119 154
25 41
15 115
159 38
190 172
45 136
81 31
154 134
163 75
187 166
171 106
29 160
1 161
52 187
153 95
155 8
162 121
X
29 94
149 94
143 150
115 179
32 54
130 3
111 140
84 19
26 185
21 83
139 156
141 120
170 119
179 35
71 149
160 49
126 91
59 58
103 147
73 193
10 132
104 24
126 121
77 174
182 183
69 8
121 133
131 39
139 14
57 119
89 120
3 25
X
137 154
44 165
55 36
X
12 175
110 167
41 96
146 191
125 123
124 13
67 182
168 76
137 95
168 31
X
181 184
91 43
183 192
173 139
105 153
160 107
141 55
105 187
42 179
38 29
196 93
160 51
27 125
3 186
19 153
193 22
35 31
176 143
140 152
145 118
120 67
2 176
30 163
32 195
61 146
191 46
185 89
26 117
14 130
178 170
97 110
118 91
39 16
41 36
134 19
81 77
120 143
20 35
15 27
72 186
140 96
32 123
180 190
66 72
126 172
103 150
76 5
107 13
128 89
125 57
128 190
179 60
X
13 57
30 26
54 108
129 90
115 53
140 75
12 179
61 130
79 77
30 195
168 75
191 130
34 107
164 4
X
31 153
110 158
187 158
133 105
143 96
176 130
94 64
128 36
196 32
91 24
X
65 31
132 131
178 169
83 46
135 123
182 29
50 192
122 60
75 131
125 170
46 68
40 124
173 196
59 130
45 133
110 177
173 189
72 6
93 192
137 174
168 61
169 32
11 36
129 46
X
54 170
X
183 178
67 131
138 19
29 45
125 119
13 133
193 192
139 41
180 180
88 97
27 114
75 108
63 6
103 161
93 194
95 64
97 81
19 62
20 188
135 173
122 110
161 168
141 89
158 10
61 177
84 17
89 56
3 182
100 149
121 107
26 139
176 154
76 37
121 129
14 115
152 31
52 127
104 99
125 37
167 32
178 81
17 179
150 17
40 142
147 89
33 125
13 36
46 37
29 116
96 85
105 162
161 21
14 76
189 142
X
14 128
50 190
77 187
47 104
4 71
15 191
51 21
29 150
55 180
180 38
X
125 77
70 106
99 19
156 63
149 28
148 53
72 63
125 71
51 90
X
X
22 134
111 190
109 133
107 88
192 158
81 4
118 184
141 45
29 97
17 119
110 59
149 75
129 49
114 90
11 89
100 7
102 72
14 139
167 26
66 17
155 180
81 140
75 1
42 10
29 109
130 1
90 196
130 181
148 145
182 101
156 15
53 171
45 67
169 76
34 138
X
102 17
109 84
196 60
165 177
15 188
177 197
12 150
191 39
X
51 195
179 28
178 39
113 9
77 145
11 79
10 46
3 130
31 51
106 38
40 196
136 171
115 47
121 145
23 182
39 91
36 174
24 138
74 63
62 61
X
152 21
120 145
56 84
124 176
73 194
186 102
73 148
188 120
173 65
174 30
65 14
53 33
83 86
X
189 19
24 136
61 14
148 21
86 56
121 79
63 176
X
192 40
58 140
53 179
70 126
28 124
70 18
87 7
157 143
127 4
53 176
191 2
125 27
175 139
101 189
15 57
125 59
13 38
49 5
99 195
44 166
156 62
172 188
183 30
146 114
107 86
31 118
4 41
48 166
188 88
39 44
52 139
131 156
163 95
36 139
52 76
105 61
86 72
172 27
143 189
47 119
64 35
169 27
12 36
82 74
74 31
109 13
194 180
137 173
91 108
14 193
153 86
28 129
174 52
124 133
141 164
74 59
176 79
193 97
120 13
109 163
8 74
54 171
74 56
10 142
8 151
186 65
189 157
183 50
19 188
140 80
78 122
179 92
156 190
92 51
140 156
87 101
90 154
37 137
124 80
62 163
25 148
189 73
146 102
122 113
93 66
146 55
165 167
92 136
87 17
196 31
146 57
40 88
30 116
124 90
107 188
110 110
9 146
13 137
111 148
172 21
32 66
93 124
157 13
35 143
64 11
54 69
98 175
64 6
76 148
52 113
62 32
102 133
70 49
156 54
184 138
139 77
106 122
57 195
166 176
15 80
12 9
41 82
169 31
114 165
91 109
190 126
147 6
53 144
59 159
57 180
186 165
182 117
125 78
175 10
180 196
177 124
12 88
106 68
40 91
92 124
169 87
33 183
143 149
194 51
160 193
2 161
34 135
125 56
181 183
162 10
64 16
43 123
123 109
17 42
169 61
77 58
83 47
145 148
71 190
14 176
75 132
9 5
89 189
183 101
182 136
35 33
41 158
103 144
171 176
177 195
166 181
75 107
69 20
188 116
97 164
187 100
139 75
64 46
96 31
155 146
170 38
43 179
161 194
120 68
28 51
94 83
126 67
29 171
40 19
25 193
38 70
192 157
105 123
26 115
54 176
86 189
65 116
168 192
5 61
106 186
50 124
89 197
111 191
32 18
115 93
181 81
190 8
19 192
8 14
93 189
74 102
48 153
144 36
122 149
172 48
189 155
41 15
156 101
8 117
147 145
105 163
135 105
56 61
89 174
132 101
97 195
99 92
76 149
165 182
20 189
46 63
188 178
111 169
192 179
25 183
26 183
187 19
20 149
183 138
96 62
14 132
24 24
177 92
29 169
78 32
154 68
25 87
104 154
132 42
177 97
6 47
189 18
88 95
96 18
36 53
166 82
30 45
195 29
84 77
87 123
78 34
1 94
84 97
161 135
92 123
107 191
71 151
8 165
93 68
42 137
40 175
61 163
45 3
30 31
77 60
145 31
20 151
130 26
116 69
149 21
142 16
64 120
97 193
11 14
181 122
128 1
89 32
141 96
107 55
68 190
22 136
186 143
30 30
169 26
93 133
9 165
100 153
146 59
104 51
194 5
120 154
159 75
109 162
70 2
90 149
161 139
1 41
104 60
113 7
104 28
136 110
149 171
148 148
44 97
8 121
131 56
57 110
123 80
90 120
48 155
11 90
127 12
57 136
53 147
8 122
157 196
31 163
62 11
50 126
2 95
16 153
172 182
43 36
40 17
27 121
2 179
98 17
171 121
158 1
107 122
101 64
27 86
141 148
146 103
12 128
72 128
32 105
75 189
157 155
145 21
37 136
162 8
75 176
134 40
84 18
147 8
188 65
99 156
61 191
25 116
128 156
121 141
67 75
29 134
100 130
145 123
178 132
31 150
85 97
146 164
193 95
18 72
189 82
127 31
145 23
151 133
54 127
152 181
132 54
98 69
110 19
35 186
34 137
74 127
83 44
120 12
91 123
27 174
27 83
62 33
116 142
147 90
187 155
102 154
76 82
53 145
65 105
40 75
102 5
68 118
110 171
43 125
147 183
65 18
147 23
144 145
99 14
138 113
136 113
122 122
41 128
13 187
79 176
6 182
110 88
85 156
29 95
192 88
127 14
170 88
152 180
6 117
197 183
169 21
178 119
65 119
20 60
170 132
38 116
116 95
24 169
62 34
42 89
145 132
127 121
190 130
2 163
195 95
171 74
11 179
191 82
107 118
179 49
66 38
88 1
162 13
163 110
68 131
134 150
76 147
93 111
100 108
125 8
180 193
24 80
87 148
108 169
81 138
86 123
101 8
179 101
82 136
27 72
135 167
55 158
122 24
175 106
14 51
31 98
95 12
83 69
138 163
42 18
103 134
168 194
7 114
168 64
136 173
3 174
188 153
24 118
30 72
65 51
91 54
32 65
28 167
168 183
26 136
49 190
38 64
160 124
4 182
188 9
96 65
142 148
121 56
23 28
156 178
32 190
167 47
98 89
181 185
26 134
92 68
79 160
109 39
86 30
164 167
140 94
2 43
160 105
141 58
117 43
147 21
103 172
144 52
30 114
57 34
136 9
76 51
101 152
6 21
191 5
159 15
129 161
11 87
71 166
13 189
46 6
76 30
151 179
138 21
141 80
49 171
141 53
149 9
49 29
184 31
147 160
164 60
13 9
124 174
51 145
37 185
33 8
83 50
70 47
62 93
190 170
189 156
33 190
187 73
172 61
77 185
96 52
114 8
165 183
138 14
42 134
187 77
101 13
11 12
77 147
40 171
91 90
4 186
97 14
25 16
8 11
8 119
54 182
117 28
115 89
28 119
126 52
173 191
132 105
8 61
148 118
41 148
132 40
195 144
133 171
24 26
167 2
162 9
99 27
42 112
164 153
7 166
168 73
194 29
28 165
156 60
76 7
63 175
69 172
179 78
34 193
22 100
134 58
13 71
134 102
180 4
167 191
195 93
57 108
175 138
179 95
106 72
99 112
103 108
149 158
41 144
15 137
121 195
150 93
113 142
65 15
41 85
192 56
54 120
177 16
193 179
17 25
169 91
161 10
64 182
158 191
64 168
29 170
103 148
180 69
149 95
192 8
55 103
127 1
160 42
119 67
138 90
167 59
87 161
147 106
49 107
153 88
184 30
170 108
120 125
196 29
76 2
93 81
12 140
152 93
41 3
76 6
100 6
79 33
116 167
15 134
88 71
110 87
152 52
108 190
49 108
116 6
174 6
3 138
137 147
44 63
152 179
23 66
17 46
7 172
57 20
105 72
129 160
165 152
170 180
132 58
42 69
52 118
186 77
197 179
141 73
84 139
146 58
134 141
28 166
18 190
110 86
190 165
74 90
128 155
108 158
176 78
12 87
88 72
29 72
161 74
175 101
156 3
17 68
16 74
152 89
134 167
111 77
9 110
158 109
87 108
138 43
103 179
129 52
144 40
184 25
18 137
43 86
88 93
175 12
5 146
116 70
63 170
160 123
145 120
5 99
148 169
133 100
88 111
12 6
161 173
49 55
75 120
125 13
159 102
125 31
91 119
156 1
36 170
181 82
170 62
75 88
122 107
76 80
21 21
20 34
178 38
144 68
161 115
24 135
11 167
75 27
68 48
171 73
170 40
42 16
9 167
190 76
13 69
78 148
36 19
81 139
63 127
182 96
121 60
104 90
101 147
10 49
71 5
68 75
27 141
131 113
121 191
165 195
62 155
177 158
128 65
31 63
137 10
21 61
55 115
10 29
132 62
55 102
32 20
53 20
19 152
184 39
98 12
192 37
63 190
182 137
29 140
93 110
93 93
69 114
33 20
106 141
65 114
38 54
80 34
23 169
169 143
172 183
138 160
127 172
1 164
31 186
63 181
190 167
191 14
100 17
143 94
102 111
33 28
140 177
33 26
104 34
57 75
88 96
159 172
20 156
1 21
104 64
101 88
17 176
61 8
106 190
127 110
150 18
170 181
55 176
160 172
17 115
20 123
39 124
31 31
132 189
153 176
124 172
12 86
63 46
110 187
123 124
4 24
188 174
108 162
136 15
120 162
184 26
65 17
9 129
142 89
185 88
31 146
51 75
70 119
76 38
150 114
125 45
135 110
87 154
108 86
190 117
136 98
174 12
164 152
118 93
56 138
179 52
190 100
74 2
106 58
145 117
30 192
129 28
65 155
145 119
132 65
75 96
88 124
105 24
193 177
162 128
104 148
20 115
79 34
91 93
11 39
97 17
162 110
60 89
56 154
188 136
31 121
15 74
179 20
36 51
156 146
149 91
167 176
13 108
86 112
27 135
143 56
70 139
24 16
150 182
190 22
36 108
34 108
139 160
141 83
26 192
111 74
177 71
48 157
157 142
136 100
14 187
12 40
49 9
26 116
138 184
102 149
35 73
45 70
93 63
123 145
74 6
146 134
164 87
183 122
55 118
170 61
136 128
58 137
167 48
12 84
178 171
121 151
80 138
57 189
177 31
185 141
33 108
76 50
30 76
136 130
136 111
17 24
24 128
159 191
104 88
134 144
178 26
135 141
82 77
148 167
61 190
13 14
158 108
67 36
52 116
102 130
175 83
12 93
190 52
21 25
108 168
17 48
25 119
133 54
31 104
149 114
174 33
12 131
22 24
175 196
174 51
45 10
168 100
54 124
27 169
144 39
161 130
61 178
176 60
158 40
59 2
141 77
4 150
139 73
119 56
75 164
51 175
59 8
174 194
29 8
55 20
185 166
93 182
181 48
52 104
94 131
121 153
160 96
100 8
104 159
44 164
47 52
147 119
141 94
90 168
149 7
147 39
42 88
191 189
111 39
134 55
183 151
27 165
29 135
185 90
49 110
53 40
116 141
4 122
190 48
32 28
114 94
155 105
66 39
172 181
53 146
153 135
20 192
124 24
127 37
31 148
79 120
55 116
74 88
134 103
20 150
42 85
189 81
183 52
156 53
40 147
13 134
134 41
42 90
133 113
133 145
180 183
82 1
180 95
175 195
191 3
54 150
107 73
171 6
86 99
123 84
97 18
145 194
159 29
188 115
177 101
170 46
97 109
133 188
5 77
18 187
111 36
7 50
78 157
115 28
42 76
57 134
11 175
61 6
169 72
39 169
41 124
189 41
88 30
128 64
66 34
90 102
18 136
110 175
141 54
101 24
168 59
112 37
2 165
67 31
81 137
180 109
30 8
189 129
184 140
186 101
20 125
95 50
53 75
68 40
101 194
146 64
176 101
36 171
112 191
127 47
169 108
192 146
22 21
22 102
82 143
9 3
15 93
139 80
165 75
158 106
58 136
76 3
195 146
119 51
108 159
27 16
91 91
146 188
166 84
170 188
30 46
60 6
11 181
25 47
156 70
108 35
97 85
175 96
70 131
20 117
190 82
16 176
105 28
189 114
98 195
127 179
92 129
123 149
71 70
4 25
180 101
180 93
67 175
188 155
61 12
33 97
148 147
44 48
158 133
23 136
195 114
33 27
146 54
166 86
25 17
172 177
110 159
155 15
177 30
147 68
151 135
122 84
141 42
26 121
23 139
150 166
122 30
40 44
54 104
107 127
188 177
5 21
11 165
56 4
53 158
169 33
45 109
169 52
38 41
29 117
3 165
67 156
170 53
78 50
167 5
19 100
102 64
17 165
110 16
5 24
145 133
161 191
76 29
78 178
44 114
138 114
14 134
68 58
119 185
143 196
20 191
127 125
9 14
180 194
176 77
61 62
90 4
147 18
104 127
162 193
61 145
80 136
152 94
78 39
106 71
131 51
86 32
167 56
94 196
67 106
132 64
74 190
21 85
177 69
103 154
105 59
5 137
50 163
97 13
189 170
69 169
109 55
94 33
33 89
31 114
146 68
30 119
85 72
110 113
56 150
119 144
141 149
129 62
171 108
93 120
29 162
89 175
166 170
7 86
43 157
20 100
117 37
182 95
62 192
143 194
153 169
137 105
69 139
75 166
71 86
193 52
128 62
69 44
65 20
153 133
71 76
189 118
162 14
23 87
192 36
164 174
154 88
61 3
14 137
162 172
72 191
54 7
137 100
61 2
5 102
101 134
77 102
194 81
84 90
196 179
163 86
50 76
126 98
17 79
115 80
45 155
1 42
11 132
61 7
13 180
33 110
41 87
22 151
154 69
128 70
88 28
33 87
98 166
24 193
35 149
1 165
125 146
69 190
130 165
188 77
117 163
