5 10 5 1000
cpu memory disk language_detection gpu chatbot database image_recognition network bigdata
Slovakia Greece Italy Sweden Bulgaria 
Microsoft 2
Mainz
1841 0.21 10 7 10 16 8 5 0 7 4 3 
1530 696 458 554 441 
Kosice
647 1.53 0 0 0 3 7 0 4 5 5 3 
1539 388 1744 115 619 
Amazon 5
Kosice
1992 1.2 0 0 13 0 0 0 9 0 8 7 
876 1074 1108 653 251 
Taranto
831 0.07 8 7 3 3 0 15 5 0 16 7 
1757 165 610 366 785 
Plauen
321 1.21 0 20 10 7 5 0 0 7 0 10 
1122 809 197 1169 1097 
Mainz
1457 1.03 0 0 6 0 0 0 0 2 3 3 
1023 1823 71 589 424 
Pordenone
14 0.54 16 0 9 9 4 5 0 2 8 4 
216 1775 832 990 1510 
TIM 2
Mainz
84 0.33 9 3 9 0 0 2 14 8 8 0 
952 933 1157 1409 130 
Kosice
1737 1.75 2 0 0 1 7 0 1 0 2 4 
1282 915 65 1479 182 
Google 2
Mainz
1822 0.17 4 0 0 1 9 0 1 9 0 0 
998 169 362 847 1069 
Taranto
132 0.15 17 5 9 5 17 5 9 0 1 0 
507 1388 1229 819 954 
T-System 1
Pordenone
1851 0.32 0 10 0 0 8 4 0 9 5 0 
1026 1375 944 1917 225 
918623057 Greece 55 24 41 45 71 19 38 77 64 29
957769419 Greece 47 37 54 56 90 20 31 78 40 39
1003851567 Greece 34 32 34 45 90 37 23 74 81 50
1022500235 Sweden 50 49 80 37 90 39 25 40 35 56
1022364279 Sweden 30 38 66 25 52 25 15 63 42 52
1025930796 Slovakia 37 55 78 42 80 25 22 66 32 46
1014661818 Slovakia 53 32 40 38 50 18 40 81 48 41
909085658 Italy 46 32 51 46 90 20 16 72 65 34
1062727407 Slovakia 42 25 41 60 87 15 19 45 75 29
964528555 Bulgaria 48 26 37 43 69 30 15 66 36 57
890905789 Sweden 23 39 90 49 89 17 39 56 64 60
885647706 Slovakia 42 24 71 44 43 44 40 44 60 56
881192153 Greece 45 39 34 55 35 31 20 50 62 38
983445291 Sweden 34 36 54 23 89 29 18 80 44 36
1133328812 Italy 24 48 60 34 61 25 27 52 86 27
952654823 Italy 57 66 55 57 71 39 16 59 86 58
1035595148 Slovakia 53 47 87 25 45 38 25 61 52 23
958209524 Greece 30 63 73 22 43 32 36 51 53 62
1138874751 Slovakia 42 22 83 56 79 35 23 77 69 33
796773262 Slovakia 34 64 41 41 44 36 18 34 64 62
931255198 Greece 24 26 47 51 45 29 27 75 43 35
972849241 Slovakia 24 26 71 20 67 37 18 47 37 44
992820646 Italy 47 27 49 53 95 23 16 74 31 57
1139468339 Italy 21 64 68 41 64 18 45 42 69 29
1112022936 Slovakia 43 35 49 27 98 39 27 78 79 33
1055763196 Greece 42 38 32 29 85 40 32 64 43 58
1008964464 Slovakia 34 63 79 23 51 25 16 58 85 40
933787231 Sweden 25 52 51 59 39 20 24 82 46 48
908758461 Slovakia 46 32 76 33 37 24 27 28 64 27
1218348171 Bulgaria 44 48 32 45 71 26 42 57 52 29
971008029 Bulgaria 23 54 76 27 33 34 44 79 68 62
1021598354 Slovakia 43 49 66 28 88 32 37 30 64 62
946199118 Italy 31 66 67 54 50 15 40 32 72 28
944482772 Sweden 33 58 72 23 85 15 31 71 58 54
852780108 Italy 34 25 75 35 53 21 35 75 52 45
997595465 Slovakia 47 23 37 56 93 32 16 36 31 55
1038660148 Sweden 37 34 48 34 95 36 18 39 43 31
973772378 Bulgaria 38 52 43 28 43 27 35 33 40 60
1069778330 Sweden 44 30 36 25 95 41 15 34 82 38
983468395 Sweden 48 45 80 53 87 37 20 51 39 39
1014961577 Italy 44 43 76 59 80 35 42 51 86 39
1095623603 Greece 33 42 46 38 41 29 24 29 80 21
896767490 Slovakia 37 60 52 41 51 18 15 57 54 29
945636224 Sweden 41 66 36 48 91 34 44 28 57 53
933805008 Greece 55 39 40 55 42 31 45 48 35 24
972900987 Slovakia 28 58 48 37 53 34 40 35 80 37
1161327402 Italy 29 47 42 50 75 37 30 45 69 25
905727420 Slovakia 39 29 35 34 72 44 33 60 71 55
1097393332 Italy 24 59 57 24 52 29 21 81 41 49
1213615533 Italy 39 25 87 31 97 40 40 38 46 62
1066465441 Italy 56 55 87 27 45 25 45 30 69 51
949703073 Bulgaria 50 58 62 46 51 35 22 68 60 56
1097771431 Greece 42 51 55 20 35 17 15 73 72 41
933728434 Sweden 28 32 48 21 98 34 17 64 72 49
997474735 Italy 45 59 46 32 93 18 36 35 61 33
916604914 Italy 37 43 67 26 99 38 23 30 65 54
905696666 Greece 33 51 63 51 44 42 32 75 31 23
1079703794 Slovakia 25 28 59 37 46 26 35 39 41 27
1048031367 Italy 34 60 63 44 44 32 23 32 42 23
874551604 Italy 50 57 83 53 44 42 42 28 65 32
1020144639 Italy 54 41 82 34 61 22 33 73 42 39
1114910928 Bulgaria 45 53 51 51 47 39 26 43 28 29
967591296 Slovakia 49 33 76 34 41 20 25 68 43 39
947474864 Italy 24 36 61 48 69 31 36 58 35 46
954322447 Greece 23 44 30 40 99 21 17 71 41 20
1146881212 Bulgaria 37 65 86 54 81 19 34 68 67 27
1026601570 Bulgaria 51 42 53 33 53 26 43 44 45 48
997494629 Bulgaria 26 65 50 28 44 41 29 51 67 31
1067519285 Greece 26 40 46 38 79 32 32 41 75 46
976881545 Bulgaria 57 38 77 40 95 44 18 77 34 25
859057177 Slovakia 35 66 32 42 75 18 36 45 70 37
1209721068 Greece 37 65 56 54 74 34 20 71 30 28
1062314199 Greece 35 22 57 21 43 23 36 43 37 51
967204989 Bulgaria 45 24 47 48 75 22 43 52 74 59
827636021 Sweden 44 57 37 29 80 38 26 57 60 58
1149317353 Greece 50 26 34 46 41 34 39 27 84 38
1216589256 Sweden 37 37 37 22 89 17 43 73 54 61
1016884914 Slovakia 40 58 72 38 51 16 36 72 67 54
875458830 Greece 41 64 41 50 44 18 31 70 28 45
935842442 Greece 54 50 38 42 57 34 33 58 84 44
1106493031 Slovakia 24 51 76 37 61 37 26 65 48 62
1145418016 Greece 22 58 69 57 79 38 17 36 43 43
745751940 Greece 23 35 60 59 49 43 36 54 60 53
898823837 Slovakia 21 30 89 58 75 20 21 71 31 56
1043744654 Greece 52 36 45 25 61 36 31 36 61 34
1062857173 Greece 53 54 40 55 72 43 38 33 83 31
833491292 Bulgaria 32 54 80 34 73 38 28 80 44 60
867467179 Bulgaria 39 54 64 44 72 25 17 74 68 22
1164427628 Bulgaria 20 39 74 41 45 38 17 44 63 51
1128479595 Greece 33 65 44 28 88 40 27 44 48 22
1025216279 Italy 30 36 63 35 54 43 22 66 58 54
830065039 Slovakia 55 39 37 24 59 15 27 74 58 51
813410490 Italy 42 28 62 46 50 38 35 36 50 37
1061677349 Sweden 42 54 55 48 80 14 44 50 60 38
1030269919 Slovakia 28 50 40 47 61 44 24 76 76 45
1052206298 Italy 24 61 46 31 75 21 35 31 39 47
1021827090 Sweden 44 51 45 30 67 41 29 40 65 20
919130168 Slovakia 47 30 51 53 80 27 44 48 53 39
1066657425 Greece 56 33 57 50 65 17 25 37 55 56
949132604 Slovakia 40 53 79 46 71 39 31 70 60 38
947857758 Greece 21 35 35 30 51 40 33 51 28 45
1078215624 Slovakia 32 32 60 59 85 44 45 61 84 45
1019169525 Slovakia 31 57 52 31 48 25 18 73 67 57
955508518 Italy 50 56 40 32 47 18 43 37 59 33
938114821 Sweden 31 34 62 23 91 17 31 64 83 43
1044014906 Bulgaria 31 53 71 57 90 41 39 45 64 60
962628669 Greece 19 31 32 31 62 34 45 40 43 40
1013599241 Sweden 19 51 55 32 99 28 32 77 74 33
969422749 Italy 35 35 38 50 83 26 29 45 32 21
1170614812 Bulgaria 46 60 73 52 39 38 26 56 69 43
989703686 Greece 23 46 79 31 62 40 33 53 64 28
850988834 Slovakia 24 60 52 55 64 20 30 33 34 48
1180524140 Bulgaria 40 41 78 44 73 35 15 53 53 51
947160980 Greece 41 31 80 34 49 33 36 79 65 40
1011419955 Italy 41 65 37 41 39 32 36 44 56 48
898980893 Greece 39 58 77 53 61 33 39 59 37 30
971137124 Bulgaria 21 53 85 32 94 23 44 46 78 32
909480538 Sweden 27 40 76 53 87 25 37 68 83 58
935477496 Bulgaria 28 48 88 50 35 30 22 82 41 36
991400590 Slovakia 53 60 37 41 98 32 26 53 67 26
929807857 Greece 40 46 82 43 42 17 20 67 78 25
976566114 Italy 46 39 46 29 38 15 42 69 56 38
1078147599 Slovakia 32 65 46 21 53 33 36 34 77 60
1002486417 Sweden 25 32 71 41 91 27 38 31 46 38
1056509812 Slovakia 45 34 38 59 55 41 18 34 39 26
950183375 Slovakia 55 45 38 25 68 42 30 39 50 50
982085345 Slovakia 21 44 68 48 92 39 20 66 30 53
1017416708 Greece 29 29 68 26 39 33 41 78 37 48
891271614 Italy 34 24 45 23 64 32 24 59 69 61
1121468313 Italy 37 61 86 28 81 18 15 80 81 51
910764190 Bulgaria 46 38 44 51 99 35 35 59 35 33
906438524 Greece 24 24 54 32 84 34 17 82 81 34
1053474155 Italy 55 42 30 60 69 26 36 72 83 22
1248948444 Italy 21 33 48 36 37 32 40 77 65 38
1261482567 Bulgaria 23 59 46 53 93 37 40 82 48 25
950481489 Greece 50 33 74 21 52 20 34 62 69 45
1279608803 Slovakia 27 46 72 48 84 31 32 72 38 29
1038236751 Sweden 24 24 64 29 68 41 27 60 85 62
1017639613 Bulgaria 55 49 79 36 78 26 41 32 28 50
1018419061 Slovakia 54 27 90 53 35 20 26 29 69 27
1028293774 Greece 37 47 83 51 70 44 23 79 58 43
910907410 Italy 49 49 40 45 77 27 22 41 43 57
1150729052 Sweden 39 35 72 36 93 31 29 58 54 26
1050915896 Italy 53 54 57 34 93 24 44 52 36 60
998966896 Slovakia 47 49 79 22 49 44 15 69 43 40
932246484 Sweden 40 35 57 23 52 25 37 59 40 44
993328846 Italy 32 32 37 57 72 44 29 62 82 48
872888290 Slovakia 39 35 41 30 48 43 29 74 76 33
931772808 Greece 56 61 37 54 75 15 38 36 30 31
957098257 Bulgaria 21 28 84 32 67 39 29 42 65 32
1000975274 Bulgaria 53 36 88 21 57 26 27 38 46 54
916605172 Bulgaria 27 61 70 57 35 28 30 35 28 48
887689761 Bulgaria 30 55 42 59 54 28 44 69 30 34
962546122 Slovakia 32 46 45 53 73 38 40 78 52 50
978581704 Slovakia 55 63 66 29 36 17 32 77 30 55
883180558 Sweden 40 54 91 32 77 21 18 39 49 38
994992092 Greece 53 49 46 44 70 40 18 82 67 23
1077804382 Sweden 41 66 59 39 43 37 44 48 35 29
1166537592 Bulgaria 32 36 51 40 98 40 43 80 70 61
991830728 Slovakia 54 44 38 53 46 35 29 71 32 53
1035911834 Slovakia 22 31 58 47 87 20 43 75 31 21
992546505 Italy 53 65 78 42 62 20 27 41 82 30
1009501369 Greece 39 40 36 43 85 39 19 73 42 56
1014494385 Slovakia 47 28 49 29 41 30 28 68 34 23
1051421434 Italy 42 30 65 51 44 41 42 77 43 42
839363496 Slovakia 19 45 60 51 73 23 45 79 31 43
947108405 Italy 42 66 57 20 35 23 19 72 67 29
1122580033 Italy 39 44 50 51 87 19 28 69 32 25
1018126597 Greece 48 61 42 31 55 37 17 68 34 31
968285940 Italy 51 55 57 60 45 23 22 33 86 35
1098001809 Italy 28 65 31 25 51 21 37 37 56 49
856210723 Bulgaria 52 49 31 45 81 31 26 56 49 48
1059634117 Slovakia 52 33 65 39 60 20 18 72 43 27
964005729 Bulgaria 39 27 34 36 51 26 43 34 84 56
958184461 Italy 21 53 48 56 45 24 44 73 84 37
1121997160 Bulgaria 41 55 43 51 53 18 22 56 79 60
907750490 Greece 28 63 76 40 89 17 37 79 45 31
1065198623 Slovakia 28 63 34 21 74 29 28 82 65 46
929686654 Italy 25 47 49 42 97 32 34 75 52 55
1014936399 Bulgaria 26 57 70 55 83 15 41 39 38 40
1041111245 Greece 20 26 31 40 67 27 20 71 56 37
944887496 Bulgaria 58 53 77 53 64 36 25 51 53 44
1004952008 Slovakia 35 63 84 22 99 29 41 47 44 53
886073072 Slovakia 49 57 35 58 49 43 18 35 82 40
1039511339 Bulgaria 42 35 51 22 83 40 19 37 28 62
1098754623 Sweden 44 36 43 24 53 23 45 75 82 25
909990053 Greece 55 58 79 40 56 33 40 35 31 51
995312783 Italy 44 25 43 45 92 32 25 62 86 21
944107728 Sweden 49 54 91 45 94 19 22 28 45 49
875608245 Greece 28 48 85 34 59 18 37 31 29 30
927220052 Italy 41 38 90 46 93 30 26 73 46 62
962729721 Sweden 33 40 74 27 53 33 28 71 32 48
983550809 Bulgaria 25 66 79 31 67 26 25 49 42 45
937612142 Italy 30 59 73 47 49 39 37 69 28 61
954971935 Sweden 22 54 37 24 77 33 37 69 77 40
957252851 Italy 55 44 88 27 95 15 37 42 56 47
829424000 Greece 31 47 90 50 85 26 22 58 63 49
1146461419 Greece 58 33 33 25 59 21 20 59 54 61
1167336093 Bulgaria 26 47 78 34 45 40 35 28 83 50
783168551 Greece 46 49 85 24 48 25 21 82 50 48
976658551 Greece 23 46 86 28 69 16 36 70 44 60
1002215822 Sweden 24 65 59 35 96 20 39 76 47 37
873069742 Sweden 20 39 37 38 58 39 17 59 71 56
829998202 Bulgaria 49 44 71 48 53 40 35 35 59 43
908941686 Bulgaria 39 52 60 28 37 19 32 66 78 35
1034695660 Slovakia 47 44 45 22 67 33 43 72 30 33
1086058729 Sweden 30 61 90 53 53 25 36 66 39 26
1113340355 Sweden 53 66 59 53 63 44 22 59 50 34
808436258 Greece 57 44 74 24 86 29 40 39 31 55
1044225625 Slovakia 36 61 71 55 57 28 35 70 55 21
899510789 Greece 39 29 37 26 45 29 16 32 76 43
1012712219 Sweden 49 65 82 55 50 27 28 40 71 40
970734393 Greece 48 30 77 60 47 43 25 33 38 37
670129837 Italy 42 42 60 43 73 31 33 60 74 36
1058313581 Slovakia 25 47 61 27 63 27 21 80 69 44
883807135 Sweden 21 43 46 23 89 30 31 34 52 51
1006980975 Bulgaria 25 48 32 20 34 23 35 53 79 47
1149399651 Bulgaria 29 59 86 54 49 37 34 56 72 34
1067267105 Sweden 27 46 65 29 94 25 16 81 29 52
1003398408 Greece 39 65 38 58 79 24 16 67 71 33
940728832 Sweden 51 46 62 38 35 25 28 73 65 36
898689448 Slovakia 36 32 59 45 69 22 31 73 63 54
1026845933 Italy 20 29 58 54 81 38 42 75 52 32
1090042055 Bulgaria 22 22 88 42 82 42 31 36 35 41
818710843 Slovakia 49 54 49 53 41 30 31 72 42 30
1038981935 Bulgaria 49 44 43 53 90 36 40 28 67 59
954695055 Sweden 33 65 45 56 57 26 30 59 48 32
1020089635 Greece 45 66 44 41 65 39 43 77 28 35
1073757278 Slovakia 34 55 88 49 45 14 30 47 60 37
998213993 Italy 19 31 39 37 48 16 29 29 70 54
1060054534 Sweden 28 61 63 53 37 22 26 44 50 33
1182954255 Bulgaria 27 23 55 23 60 31 16 82 75 35
838641984 Bulgaria 26 57 31 24 80 27 32 34 79 37
912779322 Slovakia 23 25 45 38 95 17 20 69 76 61
1214852650 Italy 46 44 49 21 59 33 31 41 82 45
1087163812 Sweden 39 41 74 50 49 23 16 66 48 31
1164557171 Greece 26 66 31 59 44 32 37 59 43 41
1114144207 Greece 39 65 62 48 98 23 19 79 35 40
1092488750 Greece 32 32 66 30 64 39 44 46 74 59
1065891680 Greece 32 55 62 43 54 30 29 51 37 45
876896664 Slovakia 36 58 40 25 67 32 39 68 29 56
1069344680 Bulgaria 42 46 79 52 73 20 27 76 31 58
879853620 Slovakia 58 44 80 23 39 39 33 59 52 30
897210027 Bulgaria 38 59 43 22 91 43 40 77 39 30
1127864358 Italy 39 36 41 47 67 41 24 82 56 43
962273619 Italy 49 34 31 50 83 21 43 58 46 61
1010521623 Greece 20 50 58 55 55 24 36 66 60 29
1062607778 Greece 23 33 86 31 83 17 19 44 28 28
1056880951 Greece 43 28 37 39 37 23 45 61 83 42
1035492809 Greece 26 28 72 25 53 25 25 63 55 49
954940214 Sweden 27 48 91 31 71 38 37 57 52 31
935710284 Sweden 45 37 46 47 73 27 32 66 75 60
1043814901 Greece 37 63 43 45 93 18 35 28 86 53
989186743 Sweden 49 30 56 29 60 18 44 79 57 33
1012481360 Sweden 51 30 62 25 58 38 43 34 48 30
858157402 Italy 23 55 31 53 69 33 45 67 35 25
975695382 Sweden 55 45 52 23 81 23 44 63 79 29
794211230 Italy 30 24 35 37 59 17 43 74 72 48
991336892 Bulgaria 48 65 42 33 61 36 19 58 61 51
826381923 Greece 41 66 38 46 69 32 23 51 34 35
905629731 Bulgaria 49 30 58 55 89 18 33 59 77 28
999496241 Slovakia 34 48 68 29 78 36 23 68 34 26
811794129 Sweden 43 50 77 35 73 40 32 37 42 58
1026521239 Italy 56 59 44 55 50 23 42 31 29 57
1012715741 Sweden 24 46 63 21 74 25 45 41 64 61
1064984713 Greece 55 62 69 25 60 38 43 53 30 50
1034633401 Sweden 47 57 72 27 75 35 29 51 80 49
1017940207 Sweden 37 64 41 45 34 31 31 63 56 26
1114240630 Bulgaria 27 24 89 21 61 38 39 66 36 22
952096753 Italy 42 36 60 40 54 24 35 54 47 39
924070587 Greece 32 28 41 57 91 35 43 58 58 62
1233442644 Slovakia 35 65 32 34 77 32 22 36 48 30
933187614 Slovakia 30 25 61 26 95 40 40 51 79 48
1075661707 Greece 23 39 57 21 77 18 29 57 54 52
956276253 Italy 24 53 39 43 39 26 19 59 69 43
835295733 Sweden 41 52 73 33 71 39 40 77 38 24
1099978411 Sweden 29 58 52 26 59 40 21 69 40 56
959506823 Italy 30 28 77 27 65 18 45 56 61 44
960755570 Bulgaria 32 46 49 22 52 20 19 60 78 43
945165875 Bulgaria 40 39 46 39 57 26 37 32 57 40
955153301 Greece 22 48 51 35 44 44 22 37 36 55
1087280492 Sweden 29 38 60 25 93 24 22 57 83 55
1068944339 Italy 24 60 66 29 61 23 40 62 71 30
943985978 Greece 19 66 89 29 75 19 30 33 54 33
1100285793 Sweden 24 61 34 35 50 39 16 61 35 38
1155513282 Slovakia 52 63 43 59 37 23 38 51 74 49
1178256609 Italy 32 44 46 59 42 44 36 76 85 20
871089070 Italy 32 50 49 20 81 15 41 29 36 56
1127826201 Sweden 21 49 41 29 63 15 28 56 30 28
988482957 Greece 33 23 61 40 80 26 37 31 69 54
1192255829 Slovakia 39 39 55 35 49 39 15 52 48 34
1007583495 Slovakia 56 59 79 23 97 33 17 58 32 57
946759653 Italy 19 64 60 49 81 32 15 77 39 37
971199537 Sweden 20 61 49 51 51 42 37 62 56 55
850933690 Bulgaria 42 49 90 46 45 28 22 43 59 57
1062773681 Bulgaria 37 37 79 26 43 26 33 46 72 31
1152265686 Sweden 19 63 46 53 39 19 39 36 85 51
936712754 Sweden 31 66 64 54 33 27 22 59 80 47
1053810000 Greece 57 29 91 41 77 41 32 76 74 45
1124449823 Italy 53 31 78 48 79 26 22 69 86 49
1015953255 Slovakia 28 49 66 46 68 29 22 49 57 35
1118406916 Sweden 45 37 36 59 57 32 43 67 40 56
983511423 Italy 39 52 81 29 64 30 21 52 59 34
955156918 Italy 51 43 52 50 57 19 29 38 40 43
1056641810 Italy 55 54 49 56 47 39 43 60 84 38
1044128531 Slovakia 46 61 80 55 44 25 27 31 86 26
1022360127 Slovakia 54 24 88 29 61 41 39 69 40 26
984569552 Slovakia 44 50 35 42 89 23 39 42 79 51
1079162179 Greece 54 62 90 42 91 23 43 37 81 30
1090144786 Slovakia 28 55 61 51 83 14 36 75 50 44
1043895436 Sweden 38 32 43 41 47 24 19 64 29 39
977866133 Slovakia 44 42 51 28 49 31 40 63 63 28
856523884 Slovakia 27 45 65 27 40 16 35 34 28 60
964541927 Sweden 53 52 46 25 49 33 25 53 31 60
1036589135 Italy 46 60 57 58 33 44 43 68 48 55
1056990831 Italy 58 26 31 55 97 19 44 76 82 51
1019247116 Slovakia 58 22 83 57 93 39 16 31 37 25
685187903 Greece 33 66 38 50 69 42 23 73 38 33
986518915 Sweden 48 40 86 39 44 27 24 46 63 45
945346946 Bulgaria 35 62 86 46 84 15 29 61 85 25
969070891 Greece 56 51 38 37 74 27 22 82 74 45
789579601 Slovakia 28 54 37 23 75 30 20 53 56 32
1056949204 Greece 30 26 91 58 80 31 43 61 62 41
1009113042 Italy 55 49 49 22 50 43 19 31 75 28
758920837 Bulgaria 48 49 63 55 45 18 26 72 48 38
1119128174 Bulgaria 30 28 60 30 59 28 28 61 53 30
885295621 Greece 54 24 81 56 33 16 31 27 85 47
797323458 Sweden 26 31 40 34 35 29 35 60 45 36
858560282 Greece 53 30 70 31 42 28 36 53 74 42
962064215 Italy 54 40 58 23 40 27 31 66 38 45
1016189184 Slovakia 40 32 79 56 99 33 24 75 48 47
1222297284 Slovakia 51 64 34 38 70 15 19 41 73 52
1282049413 Slovakia 48 30 85 39 39 37 37 51 71 50
1154189622 Slovakia 52 42 40 54 97 29 43 82 74 59
884499934 Slovakia 55 26 65 34 59 27 22 40 34 40
1001711428 Italy 52 39 65 42 70 44 20 62 45 35
896660111 Sweden 39 28 54 38 65 20 17 31 49 21
1072363521 Italy 52 59 66 59 67 31 33 44 43 51
1168926727 Greece 48 39 65 49 66 18 40 31 65 62
1038889560 Italy 44 52 76 53 63 38 24 68 61 39
959715933 Sweden 21 47 34 50 63 23 43 77 66 45
950702362 Sweden 39 51 44 43 47 44 22 79 32 45
1097881337 Slovakia 34 66 33 42 75 36 40 28 85 49
997309774 Slovakia 45 22 39 33 73 30 31 77 73 35
1090658990 Slovakia 26 50 58 26 46 28 42 76 39 41
1026871179 Sweden 42 38 52 46 49 40 37 59 79 43
1076647937 Bulgaria 45 36 66 43 67 42 17 46 72 37
970154124 Sweden 23 54 36 24 86 42 17 39 61 56
939435133 Greece 28 61 74 47 63 20 30 64 39 36
893971803 Greece 49 33 80 51 43 32 44 42 75 51
1095009935 Bulgaria 30 53 45 42 36 17 16 44 38 53
910926911 Greece 24 43 80 48 40 17 26 47 39 25
1128831689 Sweden 22 28 66 43 72 26 31 30 71 44
1127912731 Slovakia 30 39 76 29 57 26 35 61 85 28
1086759146 Greece 39 59 50 50 41 23 37 34 65 33
1047212967 Greece 20 66 65 21 81 44 27 47 38 48
1015445133 Bulgaria 34 22 89 49 83 34 25 78 76 22
1024007667 Sweden 48 44 69 23 61 41 30 55 47 22
1037315624 Sweden 46 24 70 42 72 25 21 62 83 62
1034031963 Sweden 35 65 90 35 37 43 22 40 40 40
1017789242 Greece 53 26 31 56 93 21 42 28 41 28
941760011 Sweden 20 27 91 44 97 22 40 62 75 22
813048374 Greece 52 62 63 21 96 33 26 35 49 36
976321270 Bulgaria 26 57 76 55 75 17 41 59 38 52
970117269 Sweden 46 49 80 23 73 44 43 78 45 33
917907042 Sweden 53 47 34 28 43 18 34 41 51 61
1034655626 Sweden 40 42 63 53 83 17 18 77 53 48
947474740 Sweden 40 55 62 40 39 30 31 50 86 37
1017333143 Sweden 38 63 74 40 65 35 23 37 30 39
1027650453 Sweden 37 28 88 29 54 20 20 45 32 36
884729168 Greece 33 37 54 32 59 38 33 62 69 38
879453528 Slovakia 52 36 62 48 51 21 24 82 37 51
904770083 Sweden 21 55 38 35 35 38 32 46 66 53
1127489815 Greece 44 61 55 23 63 36 38 68 78 58
1095454428 Slovakia 24 65 47 22 47 25 29 75 48 46
1231407385 Slovakia 47 50 34 38 79 20 45 61 49 52
979072209 Sweden 24 62 83 43 47 33 22 30 63 61
921811630 Italy 37 32 84 54 73 40 34 72 64 40
939521708 Greece 46 37 87 55 80 20 25 57 31 40
957342559 Greece 49 57 88 35 61 29 28 53 64 36
994136401 Bulgaria 32 41 68 26 87 22 39 36 83 42
1057742675 Bulgaria 56 28 82 53 96 33 29 73 61 50
998968553 Sweden 42 48 81 46 82 36 32 52 54 30
1094099599 Greece 46 41 49 57 79 42 17 46 81 61
924663862 Greece 46 54 66 60 93 41 29 56 35 22
931272357 Sweden 41 45 56 23 73 23 43 29 72 60
1168498335 Bulgaria 20 25 46 20 93 39 25 71 65 49
941517328 Italy 32 28 72 35 91 44 20 82 78 20
915294178 Bulgaria 31 60 39 42 91 26 23 30 68 56
948893921 Slovakia 35 32 65 52 74 30 27 44 68 30
1055562141 Sweden 50 58 35 26 69 24 42 65 46 27
986145726 Slovakia 28 62 78 45 39 37 18 67 82 47
864080009 Bulgaria 36 65 32 30 83 32 25 36 48 38
885723226 Greece 42 43 76 31 73 18 27 36 28 21
994639137 Slovakia 49 66 69 34 51 26 42 35 68 59
936723551 Greece 36 61 75 58 95 32 24 69 53 30
994214269 Bulgaria 29 39 38 51 63 32 39 53 79 56
1107255908 Sweden 56 64 51 51 79 40 41 41 37 62
939916813 Slovakia 21 53 81 30 74 36 40 63 42 60
1061084667 Bulgaria 36 61 60 46 67 35 26 43 80 33
860436462 Greece 35 61 31 49 67 40 44 29 83 51
916808081 Italy 23 31 74 57 51 18 39 56 82 52
1078672032 Greece 26 65 35 21 38 17 25 74 48 33
1086321510 Slovakia 26 28 68 40 95 15 18 35 54 42
1081251855 Sweden 21 45 78 23 37 25 25 58 86 22
797537514 Greece 56 32 41 59 51 18 45 60 50 35
893452141 Greece 23 34 51 29 51 23 28 71 64 43
1108073830 Greece 46 55 71 44 78 24 17 42 45 44
1005545058 Greece 29 38 74 33 53 25 15 53 49 27
990325289 Greece 25 56 75 60 43 44 32 52 75 37
1107933478 Italy 23 54 68 51 55 41 21 28 84 42
920645776 Sweden 37 56 44 42 58 22 29 67 57 41
934327048 Italy 55 63 37 50 49 32 19 36 63 33
1006442167 Italy 26 53 34 34 74 21 29 53 63 61
1120191308 Italy 51 24 35 52 61 29 30 52 68 58
1014195100 Greece 35 61 68 29 42 38 30 30 31 43
869845735 Bulgaria 21 47 54 41 58 37 16 72 70 61
924075270 Sweden 47 25 78 48 43 36 23 51 48 48
945173504 Italy 55 57 69 27 46 32 40 55 32 33
962655392 Greece 32 53 43 52 46 16 31 43 73 33
1051450841 Greece 55 34 75 48 67 35 36 41 61 58
1130718268 Italy 53 36 40 29 43 35 35 47 63 55
886879485 Slovakia 34 55 51 41 61 15 22 71 68 56
1200346617 Sweden 20 46 45 53 49 39 19 48 59 52
962109516 Italy 39 46 80 46 47 35 20 69 53 48
1014137139 Greece 26 25 51 20 63 34 37 30 78 37
1033130800 Italy 36 28 32 60 70 25 25 74 54 42
1005356217 Slovakia 30 58 65 28 79 28 43 28 31 61
919099044 Sweden 46 49 61 33 42 43 38 47 51 28
935842831 Slovakia 41 40 88 40 53 31 26 69 35 59
912573044 Greece 52 64 35 23 40 30 20 48 74 56
949316109 Italy 48 46 79 21 83 20 38 30 57 38
1228494298 Slovakia 21 48 60 40 44 40 43 45 63 38
992847725 Italy 22 49 63 48 59 33 26 73 80 55
885971985 Bulgaria 28 29 85 40 59 28 32 71 40 58
996730635 Slovakia 33 61 77 56 44 28 38 66 51 62
1005866709 Slovakia 33 49 72 43 49 25 37 76 44 21
927829238 Greece 39 25 79 55 49 16 31 82 37 53
939289839 Slovakia 26 53 64 57 87 38 23 40 53 32
1003732381 Greece 56 50 72 21 49 16 42 46 67 58
1077312814 Bulgaria 58 53 75 41 42 26 42 57 77 36
949096792 Bulgaria 34 34 65 29 94 44 34 67 63 27
1021292243 Sweden 41 44 34 26 89 17 38 35 80 61
1236864414 Italy 42 62 40 54 45 29 28 30 30 58
1089067243 Italy 22 61 46 42 51 36 29 35 68 40
972813734 Bulgaria 53 32 41 34 97 38 32 35 78 28
1073925661 Italy 23 24 83 57 41 26 43 62 72 60
1026036486 Slovakia 35 46 54 54 53 28 16 48 38 46
1007564983 Sweden 55 60 89 41 58 15 16 76 69 40
995924507 Italy 41 23 80 31 39 26 22 50 60 40
996366746 Italy 28 49 46 59 98 28 42 67 74 45
1038979828 Greece 48 36 83 54 87 41 42 61 79 25
1174652238 Slovakia 41 41 36 24 37 24 30 53 80 53
1215964789 Bulgaria 42 41 45 48 92 30 38 41 82 48
1133483616 Italy 30 62 64 25 58 30 24 60 50 25
929848628 Greece 51 24 56 24 89 23 33 28 77 22
1148320767 Bulgaria 33 60 35 39 90 35 29 60 71 49
890088085 Bulgaria 31 32 51 53 33 39 37 46 41 54
876918907 Bulgaria 54 62 65 37 51 44 17 47 59 39
880896985 Slovakia 56 31 55 32 86 32 33 53 74 30
1124505834 Slovakia 30 53 76 29 42 39 26 35 76 35
1016719716 Italy 53 63 82 42 33 41 32 49 69 57
1046082873 Greece 28 31 61 60 75 24 32 33 55 30
934383107 Bulgaria 42 35 86 35 65 20 26 67 39 26
922213804 Slovakia 44 63 60 24 63 41 22 59 80 41
1016906806 Greece 41 49 88 28 35 42 40 80 35 47
898033407 Bulgaria 43 35 68 26 91 38 17 42 76 53
867463947 Bulgaria 36 40 35 51 59 17 28 82 82 25
934476663 Bulgaria 57 53 66 54 39 17 24 47 54 29
948954626 Sweden 33 39 90 48 76 24 17 70 38 59
842895027 Sweden 57 53 49 48 88 31 31 42 55 59
1000329134 Italy 27 55 73 43 89 15 26 47 72 23
842810375 Sweden 58 53 64 37 95 23 28 34 51 37
1045233626 Greece 53 47 45 32 87 14 32 76 84 40
943496078 Slovakia 46 30 85 33 36 31 41 64 72 54
1043405987 Italy 21 60 68 45 58 16 32 79 35 60
1168733749 Italy 57 51 48 53 83 18 38 57 35 62
1000987197 Slovakia 30 22 53 50 37 16 31 57 35 38
1155573774 Bulgaria 41 57 66 29 87 22 37 64 82 62
1045907911 Sweden 20 54 72 37 60 41 21 50 34 21
1046918639 Italy 41 54 46 54 96 33 26 31 72 61
897702457 Slovakia 47 57 49 27 93 42 19 78 75 62
1101915968 Bulgaria 52 57 74 30 65 35 30 73 65 45
1013065430 Greece 46 53 36 35 57 27 33 81 69 37
1057376138 Italy 33 56 85 40 92 42 36 37 50 33
972903798 Slovakia 31 23 77 23 58 20 29 53 82 39
985533884 Italy 30 24 35 25 92 39 24 40 31 56
1095079234 Bulgaria 48 51 43 40 56 15 36 31 75 50
889075769 Greece 39 50 71 43 34 36 33 35 74 36
1010719475 Sweden 51 30 67 37 63 19 31 71 64 42
1060592070 Slovakia 40 25 39 59 95 21 23 41 64 50
951149034 Bulgaria 22 27 90 20 83 31 27 75 40 24
1033551570 Bulgaria 43 36 54 42 44 29 43 80 57 40
1012074627 Italy 50 57 50 21 79 27 31 72 49 59
862155736 Sweden 32 57 58 43 48 39 42 34 60 48
1073343445 Slovakia 25 62 64 45 89 40 15 43 57 25
804973502 Bulgaria 20 36 67 31 33 16 31 70 31 23
862922202 Bulgaria 57 26 57 37 39 40 18 52 46 24
1077980945 Sweden 38 63 85 23 58 41 31 76 43 54
1167344072 Bulgaria 35 44 76 20 59 15 45 45 58 26
914489106 Slovakia 47 39 51 26 45 24 38 46 64 38
1106680670 Italy 48 23 85 50 35 18 15 63 41 39
976472987 Greece 31 65 32 51 60 44 34 49 41 28
1125344782 Greece 40 41 41 33 36 32 26 31 83 20
886213973 Greece 33 37 30 35 83 35 29 80 29 45
997276408 Slovakia 55 44 35 44 51 38 41 60 75 20
818797554 Slovakia 39 26 43 20 72 21 33 46 78 44
986181417 Bulgaria 41 39 78 39 66 20 45 45 67 54
1112894021 Sweden 35 65 37 31 34 18 27 48 61 27
1227189332 Bulgaria 26 55 48 58 36 38 17 36 61 33
977823053 Italy 38 34 70 48 67 19 15 36 72 21
831820750 Bulgaria 42 24 37 25 37 23 40 28 73 23
1019800305 Sweden 42 53 86 32 80 43 34 32 62 24
1130530499 Slovakia 46 27 76 42 51 42 36 67 46 58
959447924 Slovakia 23 56 78 53 46 24 37 82 85 33
1026834243 Bulgaria 49 64 62 38 44 38 39 64 56 61
885028795 Sweden 38 29 54 40 83 14 19 36 76 51
1048428607 Sweden 24 48 78 32 88 16 26 67 31 33
915840182 Slovakia 51 52 33 48 93 19 43 53 84 53
876925074 Bulgaria 58 52 49 25 85 25 39 69 61 30
1088341494 Sweden 53 60 79 47 78 28 45 35 74 50
912928335 Bulgaria 36 41 80 59 79 24 43 32 80 48
881845330 Sweden 36 33 55 26 84 34 40 48 57 47
975832171 Slovakia 48 54 62 34 70 16 16 44 71 23
888809762 Slovakia 57 25 87 40 74 19 33 64 69 45
976260592 Slovakia 49 57 86 26 35 14 39 67 64 35
1135963001 Slovakia 48 26 58 41 38 43 17 80 38 26
1013020531 Sweden 19 34 52 30 34 31 41 35 43 40
982616945 Sweden 48 56 30 59 38 30 44 49 75 41
897858415 Bulgaria 23 50 88 33 53 14 23 41 50 60
980162367 Greece 25 22 45 46 69 29 45 28 81 26
941027697 Bulgaria 23 36 69 46 60 30 44 44 77 47
1091124614 Italy 19 23 37 34 37 32 40 74 61 40
1019063851 Italy 19 33 69 33 79 15 43 31 32 41
1075241749 Sweden 23 31 57 43 37 43 26 33 44 38
838358273 Slovakia 51 36 46 39 50 23 37 31 56 47
1079983488 Sweden 39 49 69 27 67 29 39 36 53 32
901710951 Greece 50 36 68 48 49 22 18 53 81 40
944745616 Italy 40 53 31 55 39 17 42 67 68 46
1025926028 Greece 32 57 65 51 34 22 24 79 73 48
904628609 Bulgaria 51 53 87 34 95 31 39 48 66 30
928727863 Italy 50 28 69 23 63 42 16 79 41 42
1029745250 Slovakia 44 41 68 21 63 15 42 41 73 55
1003480170 Greece 55 35 48 39 86 38 27 28 66 39
1163572106 Bulgaria 24 63 66 43 83 29 34 57 68 54
1072444106 Sweden 39 41 76 36 65 23 43 56 79 48
1010470453 Bulgaria 32 46 52 30 71 28 37 53 52 41
1057697305 Sweden 23 55 70 59 65 31 44 56 47 44
860777529 Greece 28 49 30 48 79 22 18 52 86 62
868110255 Greece 42 37 42 33 55 17 31 57 38 50
1010473057 Bulgaria 47 65 70 51 77 15 22 73 84 29
887256936 Slovakia 49 50 34 29 51 41 33 29 80 45
991823612 Slovakia 27 41 56 59 95 39 17 40 77 29
1075979830 Slovakia 46 28 57 34 81 38 33 64 75 26
881051144 Sweden 55 39 68 55 95 26 33 57 81 50
874422481 Bulgaria 44 46 62 31 71 40 29 64 53 24
1112644135 Bulgaria 56 60 66 41 59 23 38 70 50 47
931257815 Italy 39 53 46 26 34 20 37 35 39 46
955743285 Sweden 41 33 35 39 35 35 34 30 78 21
909573857 Greece 19 56 46 48 59 42 24 77 49 26
987101627 Slovakia 57 55 52 55 33 32 16 35 78 53
943535349 Bulgaria 33 41 63 55 49 37 23 72 68 23
961604506 Sweden 45 55 78 53 55 16 40 48 76 51
843655483 Italy 39 54 45 50 61 15 36 36 83 62
819205210 Italy 25 46 33 23 53 21 37 52 48 59
993248278 Slovakia 37 23 63 40 60 29 45 79 67 53
1076009336 Bulgaria 28 49 52 48 85 33 45 55 83 44
1199969547 Sweden 46 44 71 50 59 43 20 47 32 49
923623344 Italy 48 61 81 22 95 36 16 37 71 24
1008372764 Bulgaria 28 40 76 48 43 44 23 61 43 33
983170268 Italy 27 47 40 33 89 16 42 30 43 49
1018012895 Greece 35 41 41 25 94 39 29 61 71 42
921293503 Bulgaria 36 27 39 46 39 27 42 37 29 39
1058754012 Sweden 39 55 62 55 43 22 38 65 64 23
957352477 Bulgaria 38 53 78 31 35 35 26 82 75 35
1164012031 Sweden 40 55 38 23 45 42 25 79 46 34
866564624 Italy 40 59 35 48 70 37 39 58 79 53
720370358 Sweden 39 36 38 43 42 29 22 53 53 52
1154355149 Italy 43 45 91 54 66 28 32 47 59 52
972557785 Slovakia 50 42 71 40 82 32 29 32 76 43
1058555572 Bulgaria 32 60 90 43 54 41 19 48 80 37
1159216036 Italy 42 34 85 36 47 18 38 58 35 38
1041735776 Slovakia 54 49 88 55 36 42 30 48 48 41
1068101599 Slovakia 43 48 77 35 56 21 40 33 31 45
994854849 Sweden 25 37 77 55 41 16 44 73 72 33
946722378 Italy 37 66 39 59 83 26 22 46 74 32
1192541971 Italy 57 61 86 44 35 16 26 77 66 49
901027149 Bulgaria 40 44 65 27 45 28 40 31 71 58
836432976 Slovakia 49 43 80 29 88 30 31 69 32 29
1148392546 Italy 32 46 90 54 86 23 41 43 63 27
874362305 Greece 54 64 45 25 38 22 18 30 50 39
899186575 Sweden 26 64 58 45 41 37 28 40 83 28
941987869 Italy 58 24 63 23 45 24 44 67 53 40
978969279 Slovakia 44 55 37 44 75 27 21 80 73 56
871485802 Slovakia 23 61 62 44 35 40 43 35 63 46
1022206561 Slovakia 45 34 66 33 71 19 32 52 32 36
1032567544 Slovakia 26 64 62 29 95 41 25 45 67 56
978962764 Italy 57 62 35 38 95 30 38 57 71 32
960761602 Sweden 29 36 86 42 59 32 38 32 31 28
1022382918 Greece 30 48 57 51 75 29 18 59 76 50
782915709 Greece 22 47 34 32 63 33 35 39 62 31
984566108 Slovakia 50 54 37 33 34 31 20 31 72 32
985725354 Bulgaria 32 24 85 47 71 19 24 27 47 51
1000455518 Italy 29 26 32 56 51 40 32 73 65 55
732938203 Sweden 48 47 45 27 72 44 38 55 70 56
863064450 Sweden 23 59 60 32 47 29 38 57 61 28
1092830874 Slovakia 44 60 90 50 93 16 29 42 36 56
983281296 Bulgaria 38 57 86 29 46 39 24 77 49 45
1016525666 Bulgaria 33 53 35 51 69 27 19 39 56 61
1141937641 Greece 27 30 41 36 52 38 39 29 50 50
1033900464 Greece 34 61 30 48 42 26 19 69 42 22
900802765 Slovakia 46 64 51 53 81 28 19 69 82 45
1123144356 Bulgaria 57 31 70 43 89 35 30 54 79 60
1067037672 Bulgaria 19 26 31 47 43 32 34 74 35 55
1015628989 Greece 51 41 57 21 39 40 33 29 57 45
1001366523 Greece 43 56 90 57 40 28 25 50 71 30
1069694407 Italy 55 30 80 39 36 41 20 80 35 39
904453368 Greece 35 31 32 44 65 28 22 80 47 35
981064536 Greece 40 36 44 38 87 20 40 51 48 35
966383332 Bulgaria 20 23 34 48 37 43 38 65 32 35
940692452 Sweden 44 40 77 29 97 24 25 44 73 61
1161204525 Slovakia 28 25 49 45 49 38 42 48 74 34
983302008 Slovakia 55 46 69 49 64 43 18 59 60 32
1109545455 Italy 27 32 79 42 87 41 20 31 55 41
964708559 Sweden 52 37 48 46 40 29 23 53 82 33
957165552 Greece 42 22 68 46 53 23 43 56 59 22
876689777 Italy 23 58 56 55 40 29 18 51 45 45
775462372 Slovakia 32 38 79 53 60 14 19 33 82 61
834987001 Bulgaria 29 64 63 58 99 21 34 31 43 26
942674959 Slovakia 51 25 40 42 35 26 39 62 68 53
1006263289 Greece 51 50 84 49 59 40 18 80 49 48
893713316 Sweden 42 44 36 36 57 36 25 42 39 60
840827516 Slovakia 19 25 82 43 58 19 20 39 35 41
990546172 Sweden 35 40 76 35 87 36 17 66 75 21
1105754725 Bulgaria 26 32 32 21 67 35 36 68 81 28
1096439519 Sweden 54 29 45 23 45 38 44 47 30 24
873867911 Italy 45 63 82 34 35 42 33 62 45 39
1142998115 Italy 26 65 35 33 37 37 20 72 59 45
1051224787 Sweden 29 44 35 39 84 27 27 37 45 25
916693878 Bulgaria 53 55 66 48 89 37 40 34 30 54
992467435 Slovakia 38 40 66 42 71 20 36 43 61 27
901213652 Slovakia 31 29 49 21 91 28 39 82 31 50
1251959199 Slovakia 30 61 44 44 58 39 34 51 56 40
1178278879 Slovakia 20 26 83 56 73 30 37 49 70 57
1065894877 Greece 38 53 78 48 40 35 42 69 53 37
1172887109 Italy 23 46 43 35 49 40 32 50 34 50
806741864 Sweden 26 30 83 31 63 42 31 42 52 24
1168035928 Slovakia 47 57 68 53 70 16 41 46 31 45
1128590581 Italy 46 60 65 24 51 34 43 54 56 62
930707308 Italy 42 54 34 39 92 28 25 34 48 38
1029341695 Greece 26 38 91 60 58 19 25 75 50 24
1096457359 Greece 37 46 48 36 66 22 40 61 33 42
990284808 Italy 27 36 68 34 43 20 31 29 45 59
1044095907 Bulgaria 43 26 88 30 79 43 34 79 49 49
994193785 Slovakia 35 26 46 57 43 23 19 48 35 61
1165086695 Greece 26 64 57 53 99 29 42 65 83 57
802343655 Italy 37 45 77 43 65 32 27 58 49 57
1133000061 Greece 50 53 71 42 88 38 20 59 42 57
908111894 Sweden 58 37 40 57 49 43 36 31 48 44
957740887 Greece 22 44 73 54 41 44 23 57 36 47
839513900 Italy 46 47 63 53 96 38 26 61 33 40
944068120 Slovakia 24 33 45 60 60 31 40 41 65 42
927199093 Italy 58 53 46 44 99 39 27 79 33 41
963988187 Greece 26 38 69 49 49 31 36 56 52 30
992388075 Greece 41 44 61 40 57 29 16 35 39 48
1044235997 Slovakia 27 25 87 25 88 39 30 61 71 33
1101182007 Slovakia 30 65 86 56 49 37 42 59 36 42
1055737011 Italy 24 66 79 52 70 38 31 47 65 40
789615575 Sweden 34 65 66 44 79 22 24 46 32 32
846167199 Bulgaria 47 65 40 27 41 32 33 53 57 40
986780248 Italy 35 40 38 54 53 29 40 31 37 47
1062952357 Greece 41 49 49 23 45 37 33 63 43 30
1098819640 Slovakia 55 47 74 29 51 33 16 35 53 52
967693484 Italy 45 31 56 57 62 31 18 64 77 26
981703922 Bulgaria 45 53 86 55 40 35 30 69 78 43
1135629556 Bulgaria 52 24 46 60 36 21 45 39 61 44
1088890973 Sweden 25 24 36 46 80 18 34 38 85 41
1084933463 Italy 36 56 51 49 67 32 44 69 61 41
936975007 Italy 33 35 85 26 73 19 42 51 34 51
873954496 Bulgaria 39 31 52 59 81 31 18 64 78 58
1046500613 Slovakia 21 41 51 42 99 26 34 62 72 23
993607009 Italy 31 30 55 40 73 36 20 64 61 59
867739859 Greece 21 34 49 38 85 15 30 44 63 33
1134322476 Sweden 31 46 76 45 76 22 27 27 51 30
1154885718 Sweden 57 53 79 59 81 27 33 55 84 45
1123549351 Italy 47 55 35 20 88 37 27 51 80 61
1080670671 Slovakia 51 49 38 57 44 43 26 82 67 53
1121052357 Bulgaria 19 32 80 46 87 23 28 48 32 48
916689000 Bulgaria 28 42 68 33 82 44 43 34 39 56
760235354 Bulgaria 35 65 51 28 60 22 23 46 75 21
840485816 Greece 39 23 74 53 55 26 40 31 48 62
1033022714 Sweden 23 59 64 21 61 19 37 28 80 36
957368895 Bulgaria 32 31 37 52 62 37 25 48 76 21
949742554 Greece 39 53 86 36 63 41 31 50 77 30
1096751816 Sweden 37 66 31 56 97 44 21 71 31 28
878620813 Greece 36 38 74 48 44 20 42 38 52 32
989974166 Bulgaria 23 65 36 58 73 23 44 53 42 47
1136738824 Sweden 45 47 41 30 55 28 28 59 37 22
940542932 Italy 34 65 71 38 95 25 18 37 71 44
766897777 Greece 28 54 40 51 85 29 44 56 51 35
986136684 Greece 26 55 37 55 35 26 30 79 71 61
959755029 Italy 37 51 80 27 75 35 43 74 57 57
1039106433 Bulgaria 55 53 45 54 61 15 30 51 79 30
1108928000 Slovakia 56 47 45 47 67 35 44 63 77 39
1137900599 Italy 52 43 80 51 53 26 28 28 62 27
1041716161 Greece 21 40 45 46 73 24 45 57 61 41
1163844692 Italy 23 41 46 27 99 39 17 48 29 35
1115421327 Slovakia 52 30 83 47 66 17 28 34 41 61
1181278418 Slovakia 23 40 50 36 86 38 30 68 48 51
1029895828 Greece 20 46 63 36 68 20 37 29 76 30
1055871067 Bulgaria 40 65 83 49 71 43 26 65 65 34
845546076 Slovakia 40 60 80 20 41 15 39 33 57 61
1042043427 Sweden 48 34 80 26 53 23 29 52 39 33
1080655254 Greece 27 41 86 59 72 23 17 61 69 39
845185371 Greece 33 43 67 55 54 22 19 64 59 26
1156093036 Bulgaria 26 54 80 51 57 38 35 41 52 45
1052061058 Slovakia 51 56 83 53 37 22 17 72 81 42
955322311 Sweden 46 26 79 52 33 34 28 66 36 61
716742825 Slovakia 44 29 88 38 68 21 40 55 45 58
977850666 Slovakia 43 22 91 36 93 28 19 42 68 59
1038476557 Greece 29 54 47 45 79 42 31 54 59 46
879603771 Italy 21 62 61 24 73 33 30 80 81 30
1051709174 Sweden 40 22 55 22 85 15 20 28 81 61
861423424 Sweden 38 40 32 38 82 30 34 73 86 22
915027135 Greece 39 57 34 21 39 33 31 70 46 57
1024598936 Bulgaria 58 30 39 20 48 32 33 41 69 40
1109988531 Bulgaria 44 66 35 47 69 40 38 77 86 39
921811290 Sweden 24 32 69 36 39 43 33 58 37 35
961514235 Bulgaria 56 40 40 53 58 36 26 71 39 53
970807449 Greece 57 61 31 29 85 32 15 51 71 24
924073614 Slovakia 28 56 41 52 59 37 34 32 83 31
990329345 Greece 36 42 45 28 61 18 33 57 65 53
996434850 Slovakia 51 36 48 48 61 17 28 79 29 60
1078465495 Bulgaria 52 40 73 50 92 36 35 79 49 27
1094019262 Italy 36 58 42 58 45 31 39 40 79 34
1039313657 Greece 39 47 85 23 47 20 34 82 85 44
995830680 Slovakia 42 46 68 32 77 43 42 68 38 43
1044251842 Bulgaria 31 45 87 58 49 15 17 37 60 28
976018361 Italy 33 60 83 41 61 33 17 37 75 35
1129478280 Greece 48 51 38 36 46 37 41 58 76 53
858075264 Bulgaria 26 42 41 47 51 20 29 78 83 27
930001938 Greece 33 30 58 33 50 41 20 40 74 35
1106042310 Bulgaria 46 65 69 29 91 30 44 55 45 50
934742861 Greece 22 44 51 29 47 24 27 33 59 30
773915658 Bulgaria 32 49 77 59 75 16 26 80 43 56
850261679 Slovakia 25 41 51 26 97 41 35 69 77 58
990883500 Sweden 56 49 88 42 99 20 44 39 83 37
1123213268 Slovakia 49 28 86 28 35 22 37 48 33 49
899710885 Italy 57 52 74 33 81 34 15 61 62 26
1149986171 Bulgaria 26 32 88 35 93 15 35 52 43 34
1141769075 Greece 56 56 57 57 77 29 41 75 37 38
1172840163 Sweden 47 58 32 38 64 15 35 40 30 26
1136131082 Greece 44 52 71 35 71 25 16 66 53 38
1121178038 Sweden 39 38 54 57 78 28 41 77 37 37
937509868 Sweden 35 64 39 56 43 42 21 66 48 60
1127420307 Slovakia 46 61 83 33 38 35 37 70 57 52
949034443 Bulgaria 49 38 65 58 33 15 16 45 56 48
1041438272 Greece 30 25 55 27 47 24 26 34 74 36
1103083399 Italy 45 50 81 28 51 40 31 39 69 52
901835919 Bulgaria 37 38 74 51 51 28 33 77 39 30
1000394219 Italy 21 36 88 52 44 25 26 54 65 51
1019226325 Greece 43 50 47 21 50 39 34 35 60 42
1051640719 Sweden 37 65 83 46 47 24 32 77 56 42
1114075402 Sweden 26 26 65 23 47 27 37 81 35 60
846416323 Greece 21 41 63 55 99 24 23 71 74 58
805491805 Greece 32 54 86 39 55 16 31 62 71 21
872360001 Greece 20 48 90 40 91 16 31 30 40 39
1045342729 Slovakia 41 25 86 25 40 27 19 71 60 48
1008715009 Bulgaria 46 29 63 47 48 38 25 56 32 54
983303869 Bulgaria 47 30 41 29 52 42 16 35 70 26
1045495395 Bulgaria 23 38 76 44 47 42 22 72 86 49
912116662 Slovakia 35 29 41 40 34 16 40 71 85 33
989482855 Bulgaria 27 26 48 21 34 32 21 69 46 40
915263969 Bulgaria 44 49 76 35 62 26 42 37 83 57
1083964833 Italy 58 34 41 51 49 33 37 70 45 25
921953406 Italy 42 52 33 57 91 31 26 38 86 37
1038079300 Bulgaria 35 44 41 23 73 42 30 39 82 38
1055044027 Sweden 20 34 86 46 46 29 27 30 53 32
1071200547 Slovakia 56 32 82 37 97 29 32 75 57 53
1011819397 Bulgaria 28 52 33 55 45 23 35 37 62 49
1037493298 Greece 40 33 80 26 44 33 24 55 30 31
1069181926 Slovakia 28 36 64 34 64 34 26 33 76 61
853193461 Bulgaria 31 28 37 32 53 21 29 30 39 57
915560437 Bulgaria 40 61 86 37 81 36 29 61 50 56
795449408 Slovakia 58 24 60 33 71 24 29 82 47 49
1034542188 Bulgaria 35 54 44 38 51 25 15 73 76 45
894841082 Slovakia 51 51 48 43 41 40 15 77 86 55
1105770465 Greece 46 32 61 31 69 41 43 42 30 25
891582548 Sweden 27 44 42 48 81 31 32 55 41 40
909263270 Slovakia 33 46 65 34 79 17 39 73 85 33
993603968 Bulgaria 54 29 43 29 65 20 33 43 58 48
997710983 Italy 22 32 32 28 39 20 22 76 70 47
866360411 Italy 23 31 60 20 37 27 28 71 42 26
1012196977 Italy 55 28 86 59 51 36 17 44 65 57
936087105 Italy 39 45 32 56 99 39 33 51 82 58
988123700 Sweden 33 22 41 56 45 44 15 42 54 40
945406397 Slovakia 44 37 38 43 41 43 20 61 57 31
1158081049 Bulgaria 44 56 79 45 80 18 25 47 67 45
1020222049 Italy 32 52 52 57 82 43 26 30 52 40
979191061 Sweden 33 42 64 27 85 42 37 67 79 61
976461232 Italy 39 57 56 40 97 14 30 28 43 51
923190942 Sweden 37 25 40 29 69 17 16 65 52 29
1009409991 Slovakia 53 28 32 53 83 17 29 72 36 38
1005120113 Greece 50 23 56 23 36 22 24 33 56 39
1003265314 Bulgaria 32 62 72 22 95 30 32 49 60 58
1055623951 Sweden 53 66 37 39 78 39 45 68 48 35
1115549908 Italy 37 47 57 22 72 16 31 79 60 28
961703028 Italy 48 28 62 46 69 17 29 77 36 38
1086876225 Italy 39 32 34 29 39 35 25 80 57 38
1057668442 Bulgaria 43 53 67 31 35 41 30 63 78 45
939277989 Bulgaria 49 24 82 37 67 24 41 60 62 51
954458993 Slovakia 23 63 75 21 82 16 33 34 76 22
1009652696 Slovakia 52 63 41 60 67 22 42 50 57 56
1126974776 Slovakia 19 58 41 50 93 17 31 42 71 61
1030644508 Italy 55 24 70 38 65 33 37 51 78 61
807947710 Greece 30 24 69 50 77 19 24 35 53 39
1009131174 Sweden 26 37 53 52 91 42 45 41 85 54
867298121 Slovakia 27 55 85 30 80 35 36 31 74 57
934242821 Greece 39 29 41 45 89 41 20 45 34 46
994624439 Greece 21 60 57 60 42 43 21 67 32 50
1015330670 Bulgaria 40 65 54 39 73 29 15 74 64 26
1033844272 Sweden 24 66 57 32 65 15 20 54 57 29
955842845 Sweden 35 65 69 30 41 43 33 58 63 44
1064225586 Sweden 38 53 30 42 63 15 43 69 84 59
1149003732 Sweden 46 41 55 50 69 43 37 31 74 52
1069343756 Italy 45 66 73 55 80 44 22 29 81 48
910978662 Italy 53 57 35 29 81 41 40 75 66 43
937078229 Italy 26 43 65 50 87 43 45 54 58 24
950937900 Italy 23 49 37 25 74 15 20 81 28 45
969966864 Bulgaria 58 59 40 21 70 24 30 33 81 61
955091274 Bulgaria 53 24 35 40 91 42 30 68 30 32
914850556 Italy 39 50 72 46 33 36 31 48 65 51
1016682030 Greece 23 41 85 49 53 24 35 44 31 26
1163057595 Italy 25 34 31 33 67 27 25 36 38 42
1014060975 Greece 27 60 72 47 36 35 37 62 31 37
1042363408 Slovakia 58 41 79 33 86 39 37 64 54 28
902082411 Italy 27 29 69 32 51 29 30 55 68 49
977797294 Slovakia 40 66 71 20 80 27 20 55 44 57
1052052887 Sweden 24 63 83 25 91 16 34 42 72 21
1027068974 Bulgaria 58 48 32 57 79 27 28 56 43 49
887087727 Greece 30 33 30 49 59 29 40 67 57 29
861034025 Sweden 28 44 37 27 38 32 40 41 39 28
1092569952 Bulgaria 56 39 61 45 58 26 37 34 81 51
990797297 Italy 57 34 63 41 53 24 24 37 29 24
935665721 Greece 42 26 57 55 81 15 27 49 54 30
1057358112 Italy 49 53 51 37 63 22 29 78 79 26
883519660 Sweden 32 65 41 55 45 41 44 51 45 43
979574812 Italy 40 64 40 23 82 30 26 66 48 57
924979305 Slovakia 47 61 38 58 56 19 44 34 82 54
848866196 Italy 35 48 79 56 73 41 41 59 46 21
1043785666 Slovakia 43 40 69 22 37 19 34 71 72 26
1029203006 Greece 39 37 44 26 38 33 22 62 42 29
1065882497 Greece 44 65 51 20 91 34 29 69 48 52
908670911 Italy 39 49 44 21 93 43 32 34 54 30
1017080648 Bulgaria 23 33 78 49 35 15 39 50 51 53
1043187714 Italy 36 59 40 30 82 17 37 33 86 53
1197939739 Slovakia 55 66 79 44 37 26 39 29 76 40
1021884108 Greece 23 38 69 28 33 16 28 82 41 61
1183417558 Greece 24 50 87 21 87 14 25 39 81 48
1051413967 Italy 32 58 77 55 69 30 18 76 70 32
1064145623 Slovakia 58 58 37 56 89 32 38 62 39 35
1043651717 Greece 28 29 45 35 72 16 22 72 84 52
976826462 Sweden 57 40 32 20 63 31 32 75 56 43
780533151 Sweden 40 42 86 35 76 15 34 70 75 32
904848205 Sweden 47 59 32 38 80 17 27 50 78 26
896381361 Italy 19 36 70 45 99 25 41 53 32 22
964138558 Bulgaria 35 22 45 47 50 38 28 62 52 43
1205265698 Italy 43 22 54 29 51 19 22 49 40 35
860249967 Greece 53 35 77 35 42 35 19 58 73 52
1015928745 Slovakia 19 56 49 57 77 16 15 71 38 20
968554676 Greece 20 45 63 35 57 17 41 51 80 32
1078491802 Bulgaria 36 36 71 44 41 39 33 27 80 25
928002479 Bulgaria 21 37 88 35 80 43 24 65 55 30
927728876 Sweden 55 46 62 29 83 31 42 51 80 22
1133602323 Italy 27 64 68 36 92 44 26 33 54 40
1072008661 Slovakia 53 51 66 21 91 25 40 52 57 48
955596715 Italy 33 27 67 32 45 30 17 68 34 57
801319329 Sweden 44 64 79 27 81 38 16 66 65 26
1033918648 Slovakia 42 42 66 48 99 16 30 51 30 48
996238065 Sweden 22 60 77 48 74 26 20 39 44 59
1167483544 Bulgaria 31 39 37 40 73 25 31 43 31 43
1032346093 Greece 21 27 67 44 67 40 20 79 34 53
987055113 Slovakia 42 65 68 47 47 34 37 61 72 37
1027630381 Greece 44 53 89 39 49 17 38 71 53 44
963664066 Greece 48 54 83 27 72 39 34 77 64 56
962047431 Sweden 32 56 31 23 95 42 32 63 34 30
913414708 Slovakia 54 57 52 57 40 17 17 40 67 26
976757907 Bulgaria 54 41 60 36 81 28 44 32 60 22
1106860406 Sweden 50 48 42 49 45 38 24 63 56 57
988505039 Italy 30 45 57 34 54 28 18 35 73 55
1064394956 Sweden 49 27 70 36 83 38 19 36 41 25
1023673531 Greece 55 55 58 38 61 15 39 38 70 56
803843813 Greece 19 39 64 25 63 26 16 53 64 29
943403417 Slovakia 30 37 39 29 51 33 15 34 43 36
1121731776 Italy 54 25 52 46 63 17 34 68 59 52
958939172 Italy 51 35 57 42 38 27 19 53 57 29
1089184216 Bulgaria 23 44 66 27 49 30 41 63 50 56
1134699743 Sweden 40 47 62 29 42 24 18 61 86 51
1011844468 Bulgaria 29 37 66 49 57 26 30 37 43 58
1047513375 Bulgaria 33 53 66 34 51 38 18 27 61 61
894337992 Sweden 25 34 68 48 47 23 35 81 39 54
886253585 Italy 27 51 48 31 63 19 33 80 71 45
948317517 Slovakia 40 53 40 22 85 28 26 41 60 53
976115142 Slovakia 28 62 90 51 43 25 31 50 34 38
960776498 Greece 53 28 37 51 99 39 44 80 61 35
1143103172 Sweden 40 40 80 55 64 35 39 34 68 30
1108479060 Bulgaria 48 63 90 25 62 28 32 39 67 55
811632262 Italy 26 31 54 44 97 34 44 57 78 55
855445468 Bulgaria 22 46 51 23 69 38 43 79 37 27
1019530281 Sweden 39 35 86 25 52 30 27 38 76 23
1083466252 Sweden 33 26 64 59 83 28 44 64 83 39
1152347856 Slovakia 23 66 56 50 69 40 44 76 79 28
1062609214 Bulgaria 27 57 38 47 77 22 44 50 69 38
924404925 Slovakia 28 64 54 33 55 44 29 55 79 55
1140725320 Greece 58 49 52 47 37 38 19 68 74 47
1011061959 Slovakia 30 61 54 26 49 23 31 82 82 34
807003042 Bulgaria 46 41 76 44 73 19 21 29 72 50
1007413350 Bulgaria 28 49 54 24 47 23 35 44 39 31
811778330 Sweden 55 59 49 39 81 22 18 62 82 33
1128705214 Sweden 57 45 45 23 95 24 37 63 64 53
1127412387 Greece 49 35 49 44 35 31 28 67 57 59
1035975429 Italy 48 37 76 39 92 20 33 66 53 59
995370404 Slovakia 57 55 62 29 62 19 24 45 80 56
1051754322 Sweden 27 59 55 36 53 30 19 44 37 25
1078147226 Italy 29 60 76 48 95 14 33 74 85 51
1053236917 Sweden 26 50 85 25 61 30 40 59 81 35
991954578 Italy 24 52 81 42 71 37 35 31 42 56
984468730 Italy 20 57 38 36 90 22 41 78 65 51
964211730 Italy 36 52 84 47 43 20 31 37 75 27
992594630 Slovakia 53 41 40 41 49 36 27 78 65 57
957923010 Sweden 21 61 48 38 87 42 37 30 76 30
970185546 Bulgaria 27 51 57 29 91 43 36 55 32 29
1055499595 Slovakia 51 54 68 42 91 17 38 58 53 57
1218345734 Italy 47 23 46 40 74 30 43 82 31 52
951244147 Bulgaria 46 60 52 35 49 38 43 79 64 39
964787070 Sweden 40 39 51 26 69 29 18 63 50 43
835499746 Bulgaria 54 57 37 30 47 39 16 45 35 28
1028888304 Greece 44 28 65 25 71 29 27 76 32 33
1066009052 Greece 28 65 64 21 69 41 30 50 31 22
1054782681 Italy 28 38 71 42 89 40 37 59 52 31
754352826 Greece 40 38 38 53 54 25 34 42 62 40
1000043645 Italy 28 30 45 40 40 37 24 50 51 45
781133912 Slovakia 29 42 60 48 87 22 45 27 65 28
932809365 Greece 35 44 31 27 65 41 42 53 67 42
809570223 Sweden 54 63 65 56 91 30 41 58 85 55
1258506865 Slovakia 37 48 77 58 96 28 24 54 53 37
1006273017 Bulgaria 52 22 77 52 85 44 40 47 80 45
1000755411 Bulgaria 21 57 85 55 59 34 31 42 47 20
1167472396 Sweden 42 50 33 25 87 24 34 39 46 21
981212012 Italy 54 53 72 45 52 26 18 82 76 59
825071994 Sweden 39 34 53 25 73 23 42 77 37 51
1104292685 Bulgaria 48 46 32 36 61 34 27 69 33 50
882848436 Sweden 47 41 76 36 55 29 38 55 45 22
1047374389 Italy 48 52 67 54 51 26 18 30 85 37
1104334308 Slovakia 38 31 72 58 47 33 17 77 74 46
975010669 Greece 46 22 82 26 50 42 38 40 49 51
949500474 Slovakia 57 55 73 49 35 23 22 42 83 47
1024500518 Greece 53 63 82 37 98 27 38 41 62 52
978154893 Sweden 35 35 59 48 57 41 29 44 72 40
942256793 Sweden 44 52 38 42 69 44 17 45 43 31
901814077 Italy 58 26 45 49 65 44 35 45 37 40
1058069419 Italy 39 57 46 39 62 29 33 61 34 22
897286991 Sweden 23 66 61 20 55 25 37 46 65 62
905839608 Sweden 46 58 41 44 50 21 28 35 31 33
1023562964 Slovakia 24 44 91 29 95 42 37 35 73 40
991762026 Slovakia 49 36 85 31 61 42 22 72 65 25
1128571909 Sweden 42 36 68 31 98 37 43 34 63 47
980908276 Bulgaria 27 24 55 48 73 40 30 73 60 49
1192657887 Italy 49 48 43 32 96 29 24 58 80 47
946552898 Sweden 56 44 68 21 72 38 19 51 42 58
936844667 Slovakia 44 65 54 46 61 25 40 72 66 35
998858225 Bulgaria 32 24 57 53 78 17 28 36 37 38
1021688219 Greece 55 50 32 28 54 15 17 68 56 23
927212680 Italy 38 24 80 38 81 22 43 70 42 41
1055118554 Greece 53 53 45 48 87 32 41 43 73 27
999471591 Greece 52 51 58 24 69 35 24 70 65 60
926603782 Slovakia 42 65 58 50 93 28 20 65 59 22
926656333 Bulgaria 23 53 81 57 83 19 22 64 71 60
1035857367 Italy 52 29 73 31 96 36 27 44 48 22
1038819172 Slovakia 25 27 60 27 67 17 26 61 81 30
1205520567 Greece 33 28 86 48 33 39 26 64 59 34
908164517 Sweden 37 56 54 30 85 42 17 80 64 53
1010653901 Italy 55 45 91 38 49 26 22 71 85 57
1001828934 Bulgaria 24 57 77 33 59 41 17 52 77 24
902773123 Greece 49 44 45 22 41 14 19 54 44 29
834807079 Sweden 25 39 41 21 97 33 16 44 54 40
1158991186 Greece 21 23 89 52 74 40 16 53 35 55
986005729 Italy 46 62 54 56 74 35 31 35 45 54
943155474 Bulgaria 35 43 90 60 73 30 43 37 34 48
1036630658 Slovakia 32 53 57 51 89 38 23 34 80 47
910998264 Greece 49 37 37 45 80 39 36 68 64 29
1069284966 Greece 39 49 30 59 44 16 24 62 42 55
1118425449 Sweden 52 24 79 42 64 33 29 39 38 37
1186512406 Sweden 32 59 67 46 70 33 24 39 40 23
1119953576 Slovakia 23 63 33 34 55 39 22 51 82 38
967672605 Greece 56 42 43 36 99 17 32 46 82 29
1089721934 Bulgaria 33 22 82 42 50 18 26 49 54 41
910996776 Bulgaria 42 54 76 29 83 29 42 46 82 60
1108331416 Sweden 36 65 32 22 70 25 44 31 76 51
774528704 Greece 50 28 49 43 37 38 18 64 56 34
