7 71
30 91
15 72
64 60
12 59
49 19
0 76
6 8
47 79
8 82
7 90
53 19
91 30
25 18
68 26
73 18
24 31
40 19
28 81
96 63
86 14
94 34
79 17
46 30
72 69
97 12
89 98
76 64
72 56
4 26
63 19
78 93
68 31
54 82
11 12
73 3
14 4
91 43
56 58
6 82
26 77
38 71
63 45
69 79
65 59
65 41
16 49
25 48
57 63
29 10
47 78
26 37
30 0
9 38
9 96
87 95
83 21
59 95
26 5
91 15
87 78
38 34
10 59
37 73
22 14
78 58
16 59
93 20
45 81
50 80
69 61
23 16
11 89
30 57
23 30
7 92
69 46
38 53
41 54
2 60
48 3
51 49
73 51
13 91
24 27
9 58
85 6
67 47
10 97
11 84
53 14
37 16
13 12
33 21
87 41
21 59
18 80
64 63
31 41
71 49
49 38
82 95
25 4
93 42
63 23
71 31
21 23
16 51
92 88
88 3
55 53
83 25
42 47
51 65
19 23
86 61
52 46
14 36
3 54
29 55
9 26
36 51
53 47
16 50
43 76
10 54
76 4
57 38
74 78
57 87
66 85
70 72
93 60
5 12
31 1
2 80
72 74
56 71
91 97
66 57
17 95
94 35
67 23
44 67
79 22
21 14
8 46
7 27
27 48
98 3
77 60
52 48
85 31
40 13
50 61
19 43
35 31
22 79
37 12
51 70
74 89
84 91
1 52
93 81
79 8
83 22
29 8
2 27
3 92
12 47
2 33
48 29
61 1
85 43
14 49
8 14
60 68
12 19
11 73
21 93
76 89
0 11
58 63
43 10
28 2
10 39
98 7
18 53
52 50
90 74
14 26
20 67
58 32
23 54
81 95
19 41
84 51
8 51
23 13
89 37
5 96
9 11
56 95
62 28
11 9
8 19
61 75
29 71
6 29
8 88
30 32
5 0
36 58
83 20
90 69
31 42
82 7
29 29
97 81
1 82
34 62
35 24
96 74
4 93
37 29
17 60
3 7
80 32
23 98
20 43
73 83
0 58
56 93
46 34
0 20
18 13
11 35
44 75
14 83
59 46
85 68
48 12
22 87
36 7
58 76
46 9
79 37
92 27
X
69 52
97 22
51 39
67 61
10 8
12 14
40 39
45 13
82 55
29 51
71 35
27 6
36 93
23 39
54 7
5 34
2 48
97 10
47 81
21 65
94 68
59 83
97 2
73 60
11 23
78 90
36 42
89 46
43 67
73 57
21 22
12 98
74 88
16 64
46 61
97 37
86 55
42 57
16 97
40 24
40 75
40 79
95 53
2 53
34 11
56 73
72 21
11 94
48 86
23 26
14 48
7 18
1 77
14 5
53 46
16 91
37 51
75 55
91 13
77 92
25 75
38 80
51 79
23 71
81 83
20 53
45 30
54 52
74 83
36 24
62 61
94 91
91 85
73 29
55 86
42 58
13 71
32 38
18 98
73 98
86 80
49 44
88 86
56 84
2 72
39 37
31 74
52 42
78 47
82 35
77 34
85 22
15 3
22 34
68 92
75 32
44 7
38 73
28 60
66 27
14 50
43 30
52 8
87 93
27 30
33 91
47 42
0 9
24 15
49 24
82 77
4 96
38 17
12 2
77 54
51 59
6 50
4 22
69 60
2 54
97 63
5 47
9 42
80 11
75 92
17 19
20 33
82 75
56 44
69 96
30 87
2 14
32 63
64 62
39 15
18 91
84 82
27 10
10 1
26 67
82 10
79 56
49 88
74 71
57 62
70 23
54 87
13 85
63 86
6 75
28 13
53 92
74 54
91 21
X
21 92
47 21
3 66
58 18
74 30
17 71
36 63
38 11
73 46
59 94
7 30
61 11
30 1
85 86
44 83
88 42
77 76
51 76
89 85
7 55
50 87
2 57
64 10
61 54
85 77
39 73
94 61
11 83
79 57
88 35
56 15
27 44
59 2
72 73
37 63
6 12
69 5
32 66
51 91
25 90
9 69
2 25
0 12
37 7
47 18
84 8
18 63
27 4
89 75
40 82
0 96
65 89
8 85
63 93
11 55
37 35
44 42
54 19
84 95
51 89
60 54
21 31
44 32
26 36
12 38
59 41
94 24
95 62
84 21
15 11
88 64
91 70
65 83
58 73
3 76
72 22
7 21
43 21
54 53
14 74
25 92
92 95
40 50
60 91
77 43
59 70
47 85
8 78
68 84
54 42
56 5
55 90
20 21
82 2
97 50
19 11
9 72
58 67
55 22
9 43
28 22
92 57
65 52
48 40
92 16
64 2
41 8
96 22
5 40
16 89
83 39
75 82
77 50
19 60
79 7
30 60
36 89
54 45
79 66
78 86
62 8
77 44
34 63
9 84
80 2
40 3
44 38
49 90
80 49
55 56
2 34
68 75
76 75
71 24
44 6
46 42
39 66
38 26
59 55
57 52
41 45
64 98
28 27
65 86
40 74
57 27
81 10
37 61
90 13
44 69
64 75
94 93
56 22
8 48
74 93
63 48
60 22
35 81
78 38
85 8
6 89
44 81
47 56
67 98
25 42
24 41
42 91
48 38
63 27
47 88
7 38
1 43
20 16
52 3
38 12
31 38
66 48
68 63
90 96
34 60
63 92
81 8
81 2
69 73
21 12
11 88
41 46
44 22
79 29
20 29
51 40
18 57
37 42
65 82
30 79
82 89
67 48
61 28
30 47
68 21
12 12
50 41
21 46
78 10
42 3
54 43
98 21
93 53
20 17
95 92
73 56
3 58
22 6
67 17
49 33
84 88
81 29
11 57
43 83
32 28
23 69
96 0
95 54
51 29
19 6
86 33
55 25
50 55
14 9
15 65
2 76
56 53
45 1
45 51
23 77
84 7
16 48
13 72
34 56
4 11
16 60
56 56
78 2
92 93
6 10
53 27
72 13
22 63
60 17
13 94
87 96
21 24
22 9
44 34
38 23
73 45
43 81
91 40
69 44
45 42
13 22
48 73
57 53
21 61
26 69
23 31
32 91
21 55
20 63
33 62
22 75
87 8
43 31
63 71
21 11
96 70
36 70
63 9
15 57
64 76
5 2
93 41
12 13
86 45
90 57
64 1
57 95
28 48
20 75
76 70
75 57
79 3
53 26
X
64 12
11 1
6 38
41 39
94 58
57 65
48 8
14 2
54 36
27 67
81 53
82 49
94 16
3 59
60 78
21 74
85 56
80 95
51 60
13 13
20 24
98 65
32 25
80 15
20 66
81 28
89 6
83 7
58 14
78 16
22 94
69 67
26 81
68 72
45 39
79 96
89 83
96 51
32 78
81 21
54 23
65 55
3 26
52 78
11 41
63 58
96 50
47 53
59 48
43 3
43 13
69 47
95 11
83 92
47 95
4 25
44 26
44 79
39 46
55 94
52 17
45 94
19 93
81 47
22 47
32 37
74 55
7 6
22 41
70 22
37 70
25 82
12 88
39 61
98 15
96 96
10 77
36 20
41 83
16 5
39 35
36 69
50 68
91 24
1 66
38 75
98 93
21 40
71 0
51 18
16 57
91 93
68 25
59 87
58 78
73 1
46 38
24 12
28 79
76 63
77 98
67 58
80 69
25 25
78 91
3 22
64 29
34 57
15 83
72 68
77 46
82 67
98 96
35 74
22 64
36 94
2 12
74 96
73 79
77 70
74 37
62 39
48 93
33 28
5 95
32 93
54 89
24 17
34 85
10 70
61 93
94 7
79 63
74 61
41 79
46 87
90 82
84 4
12 90
23 38
75 80
21 87
83 49
36 46
24 47
27 20
12 68
96 43
X
34 39
18 74
15 63
95 32
52 95
67 46
43 78
80 63
90 1
62 94
37 15
68 50
6 5
84 2
24 13
95 80
6 24
91 36
0 63
58 98
43 48
19 8
17 33
46 44
18 90
50 47
18 72
75 75
90 18
21 34
77 53
15 75
14 37
10 57
74 34
66 32
30 4
83 96
83 56
59 79
71 80
64 93
19 89
36 21
64 61
53 15
48 52
17 29
10 82
0 82
26 23
58 68
60 28
98 61
13 62
17 70
74 72
73 72
40 20
5 18
4 87
34 0
44 18
23 58
40 67
21 30
77 75
48 39
8 34
20 95
77 14
33 14
76 42
10 46
10 91
29 1
22 17
71 55
37 49
4 48
24 89
66 98
24 92
8 79
91 0
55 58
98 26
21 78
47 29
55 70
70 58
39 55
63 15
60 6
21 33
29 82
16 28
49 28
14 78
30 94
42 61
39 71
48 87
83 9
54 94
84 28
73 75
70 52
29 28
X
11 24
23 68
60 18
31 34
34 28
10 16
12 17
59 29
44 14
38 85
28 3
49 72
81 55
41 66
76 14
72 49
33 34
41 18
30 14
20 51
70 3
87 9
26 64
14 21
57 9
44 94
40 10
92 59
81 69
45 53
56 86
29 52
39 30
14 3
23 65
7 49
9 64
55 78
79 81
41 47
42 14
51 75
61 40
31 19
65 18
10 40
22 32
58 74
24 93
22 62
17 68
97 53
25 50
84 74
88 88
97 24
63 28
28 5
60 55
90 66
26 29
88 32
11 36
47 93
4 52
45 7
20 82
69 93
28 31
61 52
35 88
42 50
17 65
80 59
43 47
16 15
92 37
14 96
91 33
58 47
78 96
75 13
55 1
69 64
89 39
96 94
29 48
86 34
70 91
43 70
80 44
61 57
50 33
26 98
28 4
42 69
67 38
21 97
67 8
43 2
34 36
55 36
6 7
5 27
94 63
28 43
24 19
10 94
32 45
31 60
94 86
25 66
37 33
37 45
44 31
50 22
67 71
47 47
14 56
97 45
14 58
40 57
41 82
93 51
96 76
20 30
19 75
96 78
84 25
57 56
0 45
90 32
32 6
89 26
22 1
51 47
98 32
21 45
97 69
57 54
83 16
92 45
89 1
70 45
72 75
47 10
98 85
16 58
67 40
74 35
34 77
82 85
62 17
75 29
69 95
57 81
51 69
34 15
X
88 70
47 8
89 76
45 75
16 4
11 15
39 76
54 60
71 46
23 24
50 11
45 92
65 92
25 41
52 16
6 72
12 92
81 50
7 14
47 36
87 54
75 60
79 46
46 78
18 26
64 6
59 39
90 21
41 35
50 81
30 21
12 97
45 28
48 16
89 43
88 45
77 94
54 75
83 88
17 69
36 33
20 64
46 79
89 64
81 71
41 73
39 50
92 15
10 56
41 36
67 52
47 22
15 98
38 43
29 9
96 30
97 83
86 98
13 49
23 41
13 15
96 92
42 18
52 19
95 0
97 84
96 80
76 30
9 90
7 88
35 15
80 8
66 30
64 25
83 65
75 58
18 18
31 40
24 46
11 30
22 71
71 59
6 54
88 84
94 31
45 96
26 54
4 59
56 57
54 74
70 73
18 88
23 55
72 86
72 52
51 96
28 66
58 55
72 10
52 35
38 19
82 16
49 42
43 5
16 80
54 97
51 2
54 85
50 8
7 39
37 60
23 32
87 23
78 13
95 83
82 66
68 47
46 56
71 56
35 32
63 6
92 20
10 61
54 77
X
2 61
37 18
5 8
55 11
11 45
87 34
42 81
56 14
98 34
49 29
77 9
52 49
39 36
23 20
48 13
8 27
93 70
73 73
38 74
96 68
98 69
54 92
97 51
58 17
70 48
17 72
53 79
72 18
19 22
54 11
1 96
20 78
0 51
46 12
52 89
65 10
47 33
49 81
43 50
28 23
27 81
15 87
4 33
70 66
37 28
86 7
1 46
50 19
27 79
37 76
33 71
73 8
0 46
63 54
64 58
82 18
81 9
69 25
44 29
78 69
72 35
78 65
90 39
25 55
32 23
47 57
72 8
26 10
65 38
84 50
42 6
34 46
36 0
19 46
27 5
56 98
39 48
98 0
20 54
97 87
4 86
50 12
61 27
13 44
94 82
72 39
74 48
21 98
14 25
85 50
15 79
11 16
72 70
92 0
22 22
19 12
87 77
35 27
76 49
65 87
44 5
61 39
39 32
41 89
49 27
38 14
30 45
74 9
51 72
2 23
62 89
15 28
15 89
82 32
57 2
69 54
9 80
65 74
93 39
45 55
44 53
45 25
66 29
47 69
17 73
72 95
73 2
96 44
33 89
32 50
58 41
47 38
92 43
48 51
17 90
53 11
84 34
51 61
32 51
65 61
81 6
0 52
43 17
44 25
18 92
80 87
78 20
89 25
95 33
37 47
23 23
40 7
82 33
34 20
91 68
85 85
86 38
47 51
81 45
55 26
18 2
85 23
61 60
14 33
25 62
96 19
19 51
90 86
89 24
91 25
95 94
25 12
64 80
29 84
93 12
34 22
12 49
80 36
93 11
45 47
22 61
22 4
40 53
78 36
17 66
26 32
37 81
8 35
33 79
93 90
9 50
37 93
81 73
5 94
72 55
80 5
59 7
72 38
19 5
51 81
53 77
55 50
97 65
19 18
90 52
5 64
48 33
68 48
32 17
12 71
20 92
19 70
77 22
6 48
1 51
73 10
X
42 1
62 38
24 37
93 79
95 75
9 34
82 14
85 60
5 89
8 97
77 29
96 46
75 79
29 40
91 62
59 88
0 72
42 74
21 43
72 32
69 1
64 18
15 9
3 21
63 26
30 54
81 46
61 48
79 20
7 26
71 38
72 58
71 36
74 1
33 68
88 25
68 53
94 53
66 82
60 89
44 65
10 64
63 49
55 38
50 88
12 75
92 36
92 74
97 95
5 11
56 80
89 82
21 1
37 23
79 92
10 26
59 47
56 0
19 10
14 81
X
40 87
2 1
8 38
56 61
74 40
19 96
43 33
42 19
19 55
38 25
4 65
37 25
38 45
33 65
60 83
74 41
48 63
55 10
12 8
47 37
97 94
48 44
95 55
9 87
4 67
56 60
38 91
60 47
25 21
36 77
50 96
19 54
91 50
67 32
53 24
10 36
3 80
13 78
73 25
49 51
67 29
46 28
67 9
56 23
82 69
91 19
61 35
44 84
28 44
70 24
70 38
70 37
92 56
45 18
3 74
91 72
75 6
65 80
23 61
57 72
91 73
82 26
9 39
28 62
57 55
85 55
65 32
54 25
67 31
49 45
13 60
25 46
45 27
46 29
X
14 24
51 43
78 1
65 60
15 12
26 9
49 17
8 3
25 28
92 34
52 64
64 37
12 41
50 29
13 4
50 6
31 56
79 31
44 9
13 38
6 6
59 59
17 11
79 36
44 59
19 58
40 46
56 59
48 14
53 44
10 33
53 5
90 93
3 94
67 4
71 25
96 91
98 91
42 44
38 13
68 12
55 49
95 71
40 73
74 58
97 64
80 98
33 15
5 69
28 17
35 46
32 65
83 19
59 62
40 35
78 32
6 35
23 28
68 61
21 16
95 38
36 44
49 77
29 6
55 13
72 14
26 84
26 14
75 25
59 63
16 10
84 98
74 24
13 63
79 58
29 85
9 10
45 89
25 19
34 35
98 17
43 65
30 56
18 34
57 40
23 76
58 38
8 67
62 41
71 54
89 80
85 37
64 24
95 69
55 98
22 15
90 61
40 51
77 62
14 72
58 91
51 57
2 65
15 92
69 40
47 96
34 18
86 44
26 79
60 74
73 87
63 84
92 44
76 57
30 46
22 78
31 67
71 42
45 16
3 24
50 18
37 1
84 24
61 2
14 14
93 77
61 56
95 42
68 49
95 46
14 93
13 64
84 14
41 55
30 40
40 59
6 51
84 36
30 24
87 57
90 41
20 9
55 76
9 20
83 32
50 77
93 82
75 70
93 68
35 59
27 84
23 1
14 54
97 68
54 96
87 5
21 77
83 1
81 1
42 13
61 46
84 3
20 96
42 12
19 21
61 55
83 70
6 78
92 30
83 46
21 69
60 84
25 60
89 86
41 11
24 42
28 46
39 47
0 47
62 66
62 12
8 70
36 47
44 56
5 50
92 5
38 44
78 9
73 55
31 55
60 59
X
1 86
58 61
70 82
20 2
46 46
35 43
29 30
50 66
44 21
13 95
46 1
86 24
26 38
28 47
54 14
35 17
66 10
62 69
10 83
34 79
43 68
58 75
62 64
81 90
83 68
27 8
63 17
35 25
54 12
95 63
10 25
54 24
40 78
8 53
15 21
95 82
21 58
42 43
18 78
9 18
21 79
71 91
68 62
21 35
26 66
4 61
91 6
17 74
76 12
81 31
98 70
32 0
4 30
27 65
74 94
89 40
1 30
18 11
39 2
80 91
58 60
20 52
97 85
4 60
29 57
86 87
27 66
78 78
74 73
46 63
72 37
11 25
46 50
7 82
97 66
76 54
14 62
39 87
46 92
38 42
98 25
61 25
30 17
95 61
84 38
51 68
64 45
7 13
12 44
4 1
32 75
88 93
66 59
44 70
79 23
72 96
70 12
56 8
54 64
65 4
44 17
5 59
22 96
78 33
47 50
96 83
58 15
7 35
70 62
48 78
35 22
56 10
49 75
78 46
45 86
37 97
62 91
4 70
64 27
34 47
57 26
24 83
40 89
81 7
36 85
69 57
62 40
71 92
46 76
76 18
43 90
74 32
63 91
93 6
67 83
34 49
49 22
66 24
89 78
11 87
82 53
X
18 15
30 51
69 6
83 0
37 67
38 35
45 22
13 54
7 68
62 90
11 2
75 9
39 31
33 43
68 88
58 79
26 20
50 5
27 77
35 67
5 91
59 18
49 56
84 20
56 89
33 46
2 96
89 33
66 20
37 55
97 91
71 89
79 79
44 0
32 18
69 36
96 38
71 14
41 9
57 76
21 85
73 88
66 43
42 67
88 14
89 16
16 86
53 39
77 4
89 63
92 7
45 85
7 94
84 62
6 47
16 74
94 36
38 56
15 60
63 31
74 79
48 75
66 9
45 91
98 81
79 12
18 14
82 9
23 33
44 49
48 7
96 1
46 20
47 86
16 53
70 90
67 60
12 67
76 15
33 48
79 55
74 43
86 5
84 81
96 25
62 62
82 91
36 60
2 10
89 8
12 86
77 49
6 36
25 24
59 27
8 71
55 57
81 88
31 66
95 41
59 15
9 81
18 96
97 90
5 83
9 85
47 17
18 17
52 15
3 49
20 59
44 66
61 78
88 27
98 41
37 91
74 62
10 9
67 42
94 81
69 48
66 62
61 0
14 76
52 80
87 2
69 91
52 7
76 56
30 68
61 80
80 33
5 44
49 86
49 21
27 75
85 79
60 25
50 27
4 81
81 3
54 70
33 25
24 88
24 16
14 65
2 81
13 17
65 75
48 88
40 15
14 91
19 67
6 80
66 55
8 65
73 77
40 83
22 81
85 34
32 88
79 82
3 6
71 30
83 63
9 17
8 5
37 56
79 0
57 83
91 77
85 53
96 55
56 48
36 67
4 13
13 9
25 23
63 79
12 64
52 62
26 86
27 23
14 34
32 32
55 27
6 59
73 14
63 12
1 55
56 68
83 57
22 54
10 22
32 1
94 19
21 70
93 94
15 17
97 54
6 30
38 64
90 35
66 26
85 44
50 37
80 3
9 15
84 39
72 45
10 85
50 34
78 64
33 80
26 27
13 48
59 81
3 90
3 40
4 32
4 15
79 24
89 81
6 61
72 19
5 49
90 53
7 77
8 75
94 21
89 93
43 77
77 84
24 87
1 57
7 97
70 55
32 22
44 27
41 50
47 9
54 39
67 91
55 47
48 20
57 39
46 77
80 75
56 3
18 35
17 50
65 72
97 20
44 97
83 59
84 73
14 60
71 27
5 30
56 78
33 85
1 95
60 0
50 4
12 94
30 90
94 39
57 69
58 31
20 69
80 68
36 23
48 58
83 82
44 71
88 43
72 64
97 34
13 73
45 79
7 61
89 12
12 89
44 91
98 84
48 65
83 60
82 93
31 33
43 64
38 83
30 25
20 65
2 87
32 86
13 37
23 3
65 47
54 54
82 57
52 76
79 47
7 5
59 77
51 53
34 37
15 16
90 50
37 59
4 34
69 7
79 68
33 37
55 67
57 98
92 51
79 83
26 90
86 70
64 94
3 69
35 73
38 27
49 18
77 12
51 41
75 86
24 3
50 50
53 63
9 83
68 30
25 22
8 42
18 82
51 6
64 82
5 45
23 34
90 23
42 56
89 34
59 28
72 28
15 47
65 46
37 44
96 28
70 74
30 20
98 43
6 19
66 63
7 16
45 58
19 56
76 92
42 75
88 44
81 57
35 83
97 21
71 43
45 59
75 88
41 41
22 33
62 72
87 90
23 59
7 51
81 33
62 11
43 71
24 11
3 11
9 91
31 20
5 19
87 76
57 75
48 97
89 56
37 17
20 3
83 2
63 77
78 72
85 9
10 14
64 3
22 56
76 36
71 12
72 94
64 86
50 21
60 35
46 49
81 74
94 12
24 40
54 22
6 87
61 49
65 31
83 48
66 61
0 77
46 14
93 16
82 82
96 93
87 91
39 25
76 59
91 76
40 37
41 85
43 19
89 69
75 50
65 40
57 64
15 24
14 75
84 70
77 85
28 86
22 98
79 91
12 65
9 93
7 25
84 10
71 58
35 13
26 88
74 19
94 14
37 31
16 78
58 25
61 81
87 40
89 5
88 23
13 34
46 40
96 62
2 67
91 69
20 93
24 81
53 83
0 60
83 5
64 64
23 15
8 83
83 69
98 48
91 45
18 44
87 15
92 3
68 40
44 15
73 4
4 0
74 97
92 63
59 10
19 13
3 33
87 81
59 17
34 24
52 54
44 40
7 33
7 63
55 72
47 34
12 27
53 66
46 32
90 55
92 55
21 13
43 8
90 16
55 16
84 40
88 31
67 53
19 91
38 76
46 82
77 86
87 17
82 34
87 73
48 2
17 15
60 82
32 47
25 43
98 47
61 63
49 35
66 84
26 18
33 20
85 13
22 16
2 13
22 60
X
77 90
21 27
23 96
24 25
43 88
43 95
58 62
95 4
68 11
63 66
62 78
59 74
32 60
93 36
1 61
64 39
3 67
31 37
90 56
86 46
98 10
45 61
95 98
16 18
89 67
68 60
3 57
34 50
47 92
86 15
67 92
86 10
68 95
0 93
87 82
94 64
75 22
86 73
1 73
5 82
11 71
79 21
81 23
54 48
83 12
91 67
50 82
68 78
95 90
47 64
69 23
6 53
11 74
86 74
19 45
77 3
18 33
7 15
41 24
46 19
39 28
77 65
69 65
96 27
16 33
95 26
80 58
90 54
33 33
5 26
79 67
15 58
93 24
89 35
16 34
27 59
64 7
70 26
64 41
67 84
80 7
42 23
69 39
76 67
27 9
97 33
95 96
73 96
22 76
75 10
56 6
64 81
90 20
47 27
13 28
3 18
65 76
25 38
15 19
39 96
32 29
68 39
52 22
56 4
72 36
76 81
38 52
4 6
55 39
20 20
85 32
16 27
93 59
97 71
65 7
74 3
41 60
88 51
14 27
32 15
88 55
70 54
88 94
73 94
60 70
56 91
14 10
29 35
41 14
60 2
11 46
20 76
6 88
22 2
91 57
29 36
66 51
97 55
57 29
23 8
47 65
52 85
8 13
47 82
15 95
28 25
88 50
80 10
81 22
37 68
56 46
80 50
83 8
65 29
62 56
91 22
8 9
21 95
52 63
12 85
55 75
62 83
41 63
16 7
2 51
26 75
3 51
72 60
33 78
42 80
2 66
46 36
31 28
48 11
10 90
63 46
13 92
57 88
16 14
2 35
95 6
1 11
69 71
71 76
32 79
24 58
97 80
88 8
34 48
13 81
93 89
74 50
63 67
44 76
65 43
74 33
45 93
7 65
12 18
19 19
80 89
24 35
97 13
71 74
6 71
25 27
97 93
70 93
41 12
67 37
65 37
65 30
49 4
51 71
63 72
47 48
97 72
16 96
11 97
7 53
76 65
71 96
12 93
7 54
36 81
1 24
60 73
28 16
82 8
72 3
44 61
37 79
5 22
84 92
15 86
44 1
91 84
45 71
38 66
25 91
96 65
10 65
2 29
16 29
53 89
2 83
94 22
79 2
60 88
27 13
72 24
76 55
96 82
30 93
8 11
40 96
15 68
32 77
50 65
54 37
94 73
94 13
3 96
14 28
65 45
64 44
71 44
96 3
66 81
67 30
45 8
89 91
22 53
3 38
28 64
12 0
27 46
7 74
30 82
78 44
X
49 94
82 38
56 43
42 76
49 30
11 67
42 60
58 43
65 5
78 67
1 63
97 46
38 97
58 65
4 4
38 49
12 69
53 82
29 23
79 41
17 27
67 87
2 68
56 54
55 55
73 20
64 85
86 52
6 2
81 11
48 90
81 92
70 43
4 7
52 90
98 40
56 92
32 92
20 60
68 23
8 28
50 24
34 25
45 32
59 16
60 57
90 98
11 13
X
62 46
86 40
80 23
11 34
22 70
9 71
50 57
69 98
62 26
85 98
65 94
80 76
89 42
48 49
64 11
95 86
94 78
17 80
48 69
44 30
26 55
97 27
72 40
48 34
8 81
73 89
55 33
78 19
21 63
47 35
6 65
57 78
4 84
63 42
66 80
14 17
5 66
5 98
45 62
X
32 62
97 7
65 34
0 65
25 56
48 35
75 78
70 92
72 29
97 49
69 8
41 59
55 34
89 55
14 97
8 7
0 59
19 7
15 35
88 36
11 49
19 14
0 14
81 58
4 9
79 30
44 92
72 9
72 34
91 52
35 26
50 13
83 33
12 56
33 50
31 47
34 92
56 79
93 76
85 40
69 58
30 41
4 72
21 82
10 11
63 94
30 6
55 21
15 66
37 27
16 2
7 1
74 84
69 24
97 0
54 44
94 79
35 42
3 31
73 32
65 63
45 35
98 86
29 73
32 46
46 80
40 88
22 91
48 72
51 30
25 67
8 87
15 20
20 71
66 70
31 17
5 71
45 48
58 86
75 64
72 43
14 57
13 88
46 8
31 82
79 62
57 57
70 4
43 80
75 17
93 7
52 20
60 62
74 85
25 31
42 25
29 66
37 34
40 38
20 46
11 92
11 98
82 17
66 76
73 30
33 60
54 10
45 29
11 21
23 64
70 9
32 55
96 72
51 78
1 56
16 22
4 10
89 96
28 14
11 93
13 97
24 61
1 69
86 9
87 4
40 1
8 52
94 74
48 22
80 78
27 45
94 38
49 96
76 94
6 97
58 24
53 85
77 52
86 56
34 14
96 37
75 94
67 16
83 93
20 11
71 61
7 22
83 90
20 35
93 83
37 52
49 69
28 29
63 1
4 39
62 30
18 58
35 75
78 17
49 52
90 94
45 98
58 69
24 23
96 23
29 32
81 0
19 16
79 89
89 14
25 80
54 71
93 28
95 59
55 83
45 19
24 73
49 34
75 48
79 44
98 95
87 53
16 77
19 20
97 23
6 67
49 37
39 60
18 1
57 4
65 84
58 52
21 38
20 10
43 16
24 80
4 54
17 88
90 44
10 87
27 76
49 20
7 36
53 23
27 27
4 27
43 6
65 56
3 9
76 19
19 33
68 3
78 61
44 19
73 22
45 41
36 68
74 23
5 93
37 90
51 9
80 31
83 87
79 32
3 73
28 10
13 74
27 29
39 64
74 81
56 26
19 17
22 46
55 4
85 83
80 60
53 40
2 52
59 93
26 50
32 87
28 33
78 59
8 31
24 90
64 66
46 13
X
17 12
29 33
58 64
32 39
92 2
24 28
80 90
24 78
78 30
10 13
41 90
59 6
42 88
38 87
51 62
26 42
86 11
85 54
72 48
49 78
5 88
46 48
7 64
48 80
66 95
34 27
24 74
64 78
21 42
61 71
98 24
74 6
10 74
76 98
80 57
77 55
82 40
16 93
20 34
4 66
92 31
90 14
16 17
49 54
70 14
62 48
46 75
43 85
35 72
4 20
38 6
65 50
49 80
19 15
32 59
38 90
25 7
65 66
28 51
28 53
29 45
54 32
5 58
14 11
65 98
3 82
4 85
92 82
33 39
21 8
68 83
2 26
84 68
71 37
34 17
90 58
75 45
38 65
6 13
95 2
25 5
84 18
59 45
7 87
33 45
34 32
35 9
53 86
84 29
30 67
24 24
22 40
95 37
3 45
4 28
2 32
86 35
53 41
13 53
73 81
75 44
91 59
36 55
71 33
85 28
1 47
39 39
14 70
73 24
66 53
22 72
42 93
47 12
33 95
93 62
98 82
70 49
64 40
62 24
97 86
68 96
66 42
77 59
12 77
32 21
4 53
15 42
69 4
86 31
55 80
72 46
87 64
62 74
38 70
68 43
77 78
50 73
2 19
47 89
86 94
66 52
36 31
78 87
65 9
56 65
85 75
26 45
51 95
57 6
47 43
6 20
70 64
76 76
84 84
62 55
43 86
42 65
17 24
35 77
52 57
14 66
49 82
41 2
77 37
70 36
82 87
22 19
36 40
48 46
27 61
72 51
18 97
16 13
58 77
58 39
44 63
63 53
41 87
47 39
82 90
56 28
88 63
40 0
51 77
74 27
41 95
66 39
5 32
12 61
43 69
11 68
88 77
37 84
3 10
63 40
52 9
70 67
94 4
87 70
75 74
18 20
49 2
41 44
29 31
8 77
8 94
33 82
46 58
12 70
48 64
34 71
68 17
90 5
18 10
34 34
6 70
22 8
35 18
4 89
11 63
68 41
95 31
94 3
1 88
48 19
37 65
67 51
7 96
27 87
73 62
97 41
37 78
18 64
26 70
79 50
55 23
61 76
56 1
55 91
10 29
93 33
83 4
51 52
0 87
70 63
48 42
28 30
40 55
X
10 60
5 35
32 64
98 53
26 87
16 1
40 56
78 94
26 25
70 98
54 72
93 23
24 44
5 86
23 52
58 9
80 85
57 46
95 81
38 8
90 67
40 90
16 98
82 24
8 86
44 47
6 4
85 36
51 23
29 19
69 49
66 18
5 17
59 67
93 30
1 53
77 36
83 81
12 73
73 27
4 19
39 54
27 7
68 28
73 7
16 68
84 80
86 76
75 43
73 42
84 72
48 18
17 23
20 74
42 39
9 23
47 77
13 27
35 94
38 78
23 60
73 36
67 94
46 39
39 84
10 49
12 16
55 40
8 89
78 85
79 40
X
71 50
37 26
5 68
85 72
38 21
78 54
15 40
6 46
51 5
91 75
66 88
91 55
14 47
43 23
7 28
66 58
79 13
8 55
32 33
50 56
6 45
95 48
65 96
91 83
36 26
52 58
20 81
86 8
79 65
83 80
33 55
1 14
85 91
73 78
57 28
95 15
42 17
7 46
14 61
6 27
29 83
9 44
86 86
35 8
4 83
97 4
0 64
83 84
22 18
50 85
42 9
20 22
52 92
79 45
96 13
98 66
36 66
6 43
40 42
80 70
48 23
48 48
2 38
36 65
34 21
75 40
53 62
5 84
3 72
50 3
23 11
3 83
2 55
38 93
20 39
73 49
25 85
11 64
47 61
23 84
21 64
15 69
2 9
1 85
11 26
72 0
58 6
21 53
98 11
3 88
21 52
88 82
74 91
38 82
89 52
85 38
X
34 70
8 72
35 36
24 55
31 75
95 97
35 95
36 22
39 83
37 57
46 10
43 63
2 58
94 57
66 36
48 55
41 21
81 26
88 96
82 13
9 19
89 31
51 27
82 21
54 51
4 82
5 67
89 90
83 75
50 51
53 57
30 69
58 34
16 79
93 29
28 52
46 55
29 77
31 3
87 29
49 89
90 83
97 39
88 34
19 44
37 53
8 43
44 68
64 55
5 78
50 17
27 1
79 93
13 11
36 71
62 75
69 3
54 29
8 80
69 35
19 76
14 29
27 53
59 37
23 18
4 41
7 40
60 63
93 31
55 84
61 41
17 41
46 60
66 25
43 20
0 94
95 36
14 64
94 80
58 66
37 95
34 76
15 15
66 41
11 47
29 34
8 37
22 29
5 16
56 12
87 14
94 30
56 67
66 96
28 34
39 86
32 19
30 78
40 49
7 60
91 26
14 59
75 31
84 83
69 32
49 3
76 85
16 55
72 59
57 21
2 24
90 64
93 56
X
65 19
15 59
56 11
42 59
45 44
79 38
43 49
6 76
78 80
96 29
44 89
40 18
90 95
95 44
98 45
50 75
89 70
22 43
90 12
66 46
23 82
50 74
53 48
26 39
19 95
81 77
94 5
46 53
8 68
25 3
76 80
33 52
92 13
0 73
85 39
11 82
91 95
5 14
41 62
50 53
48 76
13 8
56 47
8 6
36 32
40 16
26 97
33 63
26 80
20 8
92 62
88 52
54 2
43 24
27 42
75 81
62 50
44 20
46 54
16 73
98 1
49 5
21 10
51 80
90 43
29 18
34 78
51 54
79 11
42 85
80 79
45 78
6 56
35 82
61 24
81 12
58 84
97 1
34 33
74 63
61 15
96 75
81 19
29 21
11 17
50 90
54 80
95 29
78 34
55 52
15 61
97 42
1 60
49 50
65 81
87 63
74 31
42 70
40 22
72 85
22 65
88 22
57 67
X
33 24
13 82
7 66
95 12
87 94
83 10
25 36
18 40
9 86
16 88
14 90
66 92
47 1
90 38
46 17
3 77
81 49
69 38
12 34
61 16
46 71
2 50
70 61
90 25
61 10
74 74
50 92
8 98
76 40
54 20
92 68
40 48
50 42
43 60
47 14
32 20
31 8
57 92
41 7
96 56
57 7
98 54
66 75
97 48
46 3
86 20
77 30
98 63
83 13
64 28
4 24
14 77
89 20
77 58
46 91
0 86
24 98
6 11
16 40
77 72
10 63
10 72
5 70
76 73
28 26
48 67
71 97
4 55
96 39
6 25
24 77
52 44
59 35
24 18
31 79
6 58
25 89
70 96
54 84
7 48
57 71
10 62
63 85
5 25
31 48
43 18
97 9
5 21
22 57
12 43
34 82
62 71
44 46
42 37
1 92
57 37
91 27
37 41
57 86
38 29
8 26
22 55
5 42
82 84
69 28
80 88
39 6
39 56
81 54
34 51
52 24
42 2
80 86
30 36
5 28
3 68
61 37
56 90
83 17
40 69
28 75
20 98
69 51
42 22
68 56
98 57
11 42
75 76
71 8
44 28
17 35
74 98
19 68
72 63
39 16
82 81
60 80
56 83
93 37
53 68
50 71
40 45
92 54
91 65
12 39
5 6
36 14
15 80
56 2
84 59
20 32
22 97
52 72
62 36
92 89
66 2
53 54
77 42
6 39
24 48
88 26
95 45
97 40
92 66
32 70
24 76
82 86
16 69
78 60
8 15
7 41
31 68
88 11
95 27
58 23
82 79
54 27
41 77
82 98
48 89
70 27
32 71
3 91
25 45
82 68
83 97
92 94
58 93
73 61
98 87
33 81
50 89
97 44
11 10
78 23
56 41
12 96
22 7
49 97
86 32
15 6
X
56 34
75 65
19 25
22 74
89 44
70 50
7 85
38 84
87 56
67 7
87 32
47 67
76 43
7 70
6 44
90 36
4 29
50 63
78 4
52 33
72 42
16 41
96 10
61 70
4 38
47 46
25 69
80 12
68 55
49 16
90 24
75 73
6 93
23 92
54 62
41 56
19 65
67 88
82 96
58 96
92 81
42 11
93 93
98 14
53 38
89 22
95 24
29 72
77 73
95 25
29 46
84 13
35 7
96 77
69 59
37 64
40 36
53 3
70 70
73 0
90 77
48 41
86 36
16 65
13 84
19 35
59 80
86 63
74 56
3 28
73 23
16 16
58 92
36 43
97 32
32 35
20 13
76 62
58 94
77 81
12 4
68 87
62 27
74 45
36 11
13 29
91 37
87 55
25 20
39 38
15 88
12 37
34 59
X
87 88
82 23
33 59
71 94
89 66
72 12
73 31
75 93
32 82
12 40
63 70
47 20
X
67 72
49 92
72 54
67 79
21 19
51 20
64 43
55 12
28 21
X
40 33
62 37
55 87
61 92
51 35
53 52
69 30
35 85
79 73
39 93
78 56
87 87
28 67
44 13
62 92
87 28
92 6
73 39
0 22
44 77
87 0
35 87
78 92
61 66
33 94
68 70
17 81
86 2
35 78
96 9
X
3 5
70 89
34 91
78 18
43 82
12 24
59 76
79 19
32 74
71 47
48 53
14 86
26 47
81 13
26 91
12 28
69 17
59 33
12 53
45 83
19 59
14 35
71 95
75 1
11 43
45 34
35 60
25 76
14 79
55 2
93 5
91 58
42 49
28 1
71 77
26 34
50 86
39 49
21 73
4 95
81 20
35 65
54 79
87 79
98 8
25 39
38 86
98 42
15 38
52 47
2 63
13 45
77 10
38 77
37 86
6 37
21 62
84 89
45 66
30 74
65 91
19 40
76 61
11 20
45 31
58 3
89 50
85 67
38 62
93 71
18 41
81 93
44 11
79 69
27 57
82 70
69 97
43 25
63 83
4 63
71 82
36 17
84 56
76 20
45 80
43 38
13 98
7 59
11 19
52 81
84 75
81 94
66 7
62 35
24 22
37 83
80 20
29 90
13 93
54 15
81 67
26 46
52 98
2 89
86 62
29 3
78 11
41 70
27 22
19 92
87 83
50 38
51 8
47 76
13 46
22 59
39 88
51 3
76 29
12 45
92 73
87 51
9 54
94 62
64 5
71 93
51 73
69 82
21 39
2 18
97 25
93 63
26 40
18 21
44 33
4 88
41 1
86 29
2 88
77 48
56 20
41 40
64 71
23 94
7 52
1 90
56 27
89 38
36 92
34 89
23 6
10 71
76 51
71 73
47 63
47 11
48 62
28 32
77 88
86 12
21 25
4 74
89 65
9 47
85 73
80 97
31 6
39 10
76 21
73 21
66 47
41 86
7 89
89 17
5 3
78 95
96 71
87 67
33 49
26 53
75 77
73 54
92 64
43 61
94 29
53 1
52 45
3 56
41 15
43 11
58 40
83 6
55 54
84 19
29 49
45 5
95 13
6 68
3 85
92 72
18 56
30 22
98 74
88 92
36 87
61 67
49 73
67 59
42 90
37 22
75 98
82 6
43 32
70 6
56 24
5 7
17 64
92 40
69 20
26 43
23 74
88 87
95 95
41 20
68 79
74 80
5 63
7 81
92 85
23 40
14 53
84 9
5 52
52 82
12 83
38 46
55 7
59 24
75 71
8 4
92 69
1 35
3 55
55 6
92 14
55 69
53 60
9 82
13 35
52 77
18 93
93 74
75 85
16 84
34 23
57 96
83 23
85 64
47 40
72 61
72 53
27 49
37 20
18 81
59 89
47 80
94 89
19 79
13 10
36 38
69 89
53 75
78 71
34 80
8 54
4 78
75 34
5 9
37 14
91 51
35 33
45 54
41 27
67 76
24 20
66 91
24 39
15 5
50 52
57 13
11 27
35 51
36 29
51 56
41 23
76 60
93 92
62 65
51 19
84 87
56 63
73 97
66 64
80 13
81 97
88 15
33 29
19 24
6 9
74 76
30 85
9 77
96 14
40 47
49 8
56 36
43 79
27 86
98 88
66 44
66 33
34 67
27 70
14 38
4 35
14 52
9 8
25 32
64 47
93 21
12 48
27 11
17 59
21 47
71 64
6 74
24 50
98 44
40 14
29 43
57 91
73 82
13 76
47 66
78 12
41 74
73 70
50 30
50 43
4 45
52 10
67 44
10 47
26 21
9 57
22 11
94 28
9 78
21 60
77 15
57 3
56 72
42 96
88 90
86 78
1 81
35 86
5 38
87 36
14 82
26 68
91 7
5 1
7 11
97 79
25 40
19 34
79 70
84 77
31 81
87 92
87 98
17 10
9 92
3 50
46 65
53 58
24 29
50 39
69 78
95 85
72 76
18 29
55 29
30 77
36 83
61 83
13 20
16 0
94 69
5 39
59 11
11 40
82 94
83 74
79 78
37 21
74 36
4 31
60 48
90 37
72 31
36 36
91 14
30 44
30 9
35 84
65 6
75 7
46 94
65 54
55 48
32 26
58 45
63 41
22 12
8 8
53 21
80 26
32 48
96 20
69 50
5 85
60 61
73 9
69 31
89 68
93 22
29 96
61 17
44 35
83 85
10 27
21 20
60 75
84 32
74 49
57 44
8 90
79 64
73 85
43 15
21 44
65 28
27 80
2 11
16 9
93 15
59 52
78 83
54 73
97 47
69 2
24 32
60 60
33 23
41 81
50 70
64 46
9 66
84 16
49 60
76 22
68 52
23 43
81 75
28 85
6 1
37 94
18 51
10 34
91 42
39 95
11 62
17 56
48 54
46 5
93 57
24 43
36 41
25 81
45 11
15 50
59 68
25 57
97 17
26 3
54 69
86 23
71 10
0 10
14 8
23 97
53 51
74 59
3 81
41 68
89 41
25 77
52 74
36 16
94 6
83 18
81 36
79 49
66 90
71 48
12 42
27 15
70 71
34 43
31 80
89 84
55 89
6 96
81 56
9 33
81 79
2 70
1 9
76 88
77 68
55 43
47 30
85 65
7 9
95 1
57 10
55 61
73 74
47 19
45 45
95 5
63 52
45 76
84 37
89 49
78 45
59 84
23 36
36 95
43 87
87 11
59 78
15 94
48 94
56 38
9 51
1 0
33 75
37 98
6 83
49 87
75 24
38 57
64 57
65 42
96 47
23 27
81 14
14 13
92 19
12 62
24 71
15 82
65 88
49 76
35 29
82 80
48 30
95 49
78 81
12 91
28 8
90 31
63 37
22 67
24 45
30 89
13 83
80 0
67 50
88 6
83 98
68 29
34 52
86 82
85 10
85 84
54 13
78 89
54 6
70 10
42 82
17 52
41 42
56 7
92 96
35 20
87 33
53 69
64 91
36 15
20 7
79 16
70 21
45 12
9 56
67 96
47 58
84 67
65 58
7 91
74 46
9 79
88 54
86 13
24 97
45 10
50 58
38 20
72 71
8 21
53 12
25 78
27 32
66 19
17 25
94 25
89 94
86 77
67 43
86 64
78 52
28 40
49 93
26 61
25 47
72 4
75 36
39 89
91 56
30 50
49 46
46 35
18 42
25 98
25 87
12 63
33 22
8 76
21 66
33 69
42 62
3 53
49 62
46 11
50 59
48 71
62 73
70 29
49 67
6 33
98 22
60 16
93 73
59 4
74 25
98 94
16 66
97 15
26 85
24 60
38 30
71 65
43 22
30 5
33 42
87 19
50 23
92 67
7 98
75 49
42 77
61 9
12 54
55 41
59 60
36 74
57 43
26 22
17 13
81 44
6 22
20 83
73 19
71 75
71 57
79 60
85 17
87 16
60 72
17 18
17 77
45 52
35 70
90 45
90 71
62 15
7 95
78 8
53 37
82 56
93 55
63 10
68 32
65 12
1 13
37 32
80 94
45 87
89 23
3 1
49 53
29 39
53 13
94 32
71 53
93 2
29 26
24 82
91 39
38 18
7 23
62 49
79 95
30 52
31 89
74 51
82 92
11 76
73 37
10 41
38 47
91 46
39 78
23 53
82 42
25 58
59 57
72 2
22 80
68 22
77 2
65 64
10 20
33 13
73 13
58 46
51 64
49 91
59 73
63 98
86 43
92 23
23 4
43 92
74 4
40 2
15 33
16 52
23 79
94 54
31 90
91 5
10 73
38 89
21 57
93 40
38 7
98 16
74 60
18 7
58 11
89 15
48 68
89 97
69 92
46 47
68 89
57 25
90 33
10 75
72 57
96 84
35 45
2 91
17 58
49 47
67 93
82 47
24 49
11 39
36 25
21 96
31 87
9 21
17 2
30 80
5 56
5 41
81 60
47 31
17 79
34 7
15 26
82 19
97 96
5 13
58 83
89 74
29 76
58 22
15 84
68 54
92 12
53 56
6 3
27 12
69 21
8 95
74 10
76 58
61 59
41 93
53 96
38 63
46 43
76 25
35 38
28 61
89 57
37 89
67 24
29 20
81 87
73 5
54 28
60 36
19 9
35 69
69 26
24 67
62 29
12 55
79 33
15 74
90 40
X
82 3
49 36
63 29
42 21
31 70
78 63
10 23
46 96
77 35
15 41
46 37
48 59
75 52
75 56
40 6
85 81
58 81
37 30
55 93
16 25
79 4
92 42
52 79
47 44
53 67
66 21
7 79
0 70
93 66
2 46
20 94
14 12
81 34
88 18
44 80
4 12
80 56
68 81
5 15
31 21
66 22
93 80
28 71
9 70
12 22
77 33
80 46
8 18
37 43
39 5
83 34
50 91
14 15
59 86
24 52
82 1
54 59
94 33
62 67
17 28
15 62
58 56
96 90
74 86
6 77
61 88
45 77
40 41
5 48
95 74
75 61
12 23
14 73
48 70
91 66
10 24
48 15
20 18
91 54
60 66
32 98
60 76
47 71
8 22
4 47
67 82
57 5
65 39
95 91
6 23
92 91
78 29
20 4
78 55
33 67
69 94
62 80
11 18
70 60
36 57
19 77
72 88
87 6
0 56
61 38
90 22
4 73
77 64
32 49
5 4
21 91
3 70
38 55
26 4
70 47
70 35
23 78
89 92
74 18
46 66
35 14
30 19
33 47
32 85
87 45
9 9
81 24
66 60
66 87
60 24
17 78
36 61
57 47
62 77
85 78
96 40
67 80
84 5
60 3
83 83
22 68
77 79
12 30
55 92
12 11
35 80
58 71
49 40
43 55
73 34
92 53
27 33
38 22
8 29
3 64
16 12
8 92
23 57
17 61
20 25
41 84
44 93
21 41
1 44
77 41
8 56
84 17
10 19
1 70
96 59
57 22
55 60
35 40
48 36
82 0
24 72
25 68
9 68
3 89
3 52
13 24
78 37
37 6
82 39
2 73
3 34
62 60
12 84
98 2
3 35
36 39
39 22
41 49
11 11
6 32
4 58
65 33
27 52
19 72
83 28
22 73
52 96
33 86
87 37
31 29
56 49
63 57
35 0
70 65
66 65
43 72
32 14
22 92
23 29
54 3
2 98
16 24
65 51
30 28
54 16
39 85
12 9
10 98
54 76
60 40
12 29
24 70
10 66
59 75
32 40
32 80
46 62
39 79
78 50
61 90
7 93
52 4
29 91
6 52
59 36
76 2
21 71
95 68
86 81
88 12
49 23
88 98
67 5
22 5
13 18
46 81
4 68
29 89
98 89
4 90
57 85
81 78
85 18
7 8
30 53
25 97
36 19
75 53
42 45
7 72
3 71
70 59
X
43 91
70 5
60 23
21 7
1 67
3 97
3 98
51 85
76 44
34 45
91 35
31 98
43 84
49 15
90 30
79 90
9 55
26 60
45 46
18 55
43 89
41 76
68 37
86 4
3 63
76 17
73 63
4 43
63 61
27 69
74 5
22 93
30 83
95 30
66 45
29 44
53 81
89 51
62 76
31 23
41 43
26 15
15 8
64 17
21 56
47 23
30 84
3 16
43 35
86 79
95 23
64 48
92 28
26 31
13 26
69 56
35 68
15 13
0 57
63 36
48 6
36 28
66 50
0 66
85 5
22 77
88 49
25 6
84 76
74 82
88 91
16 95
21 54
89 58
7 83
91 12
14 39
60 39
96 81
88 81
41 26
9 22
49 65
8 74
44 57
95 58
95 3
1 29
45 88
96 2
50 49
96 53
42 79
21 76
93 43
35 71
43 34
6 41
57 84
17 89
42 68
57 11
11 28
41 0
2 56
53 95
64 38
41 13
10 18
2 82
63 64
75 59
30 55
79 39
34 68
39 52
9 46
89 28
3 17
98 35
55 44
32 97
13 75
45 14
81 89
59 82
88 16
96 24
25 70
70 7
61 61
37 62
38 96
58 90
61 8
66 93
19 66
5 60
31 50
92 33
1 65
68 51
91 91
54 78
90 72
76 84
54 26
80 61
5 31
63 47
66 4
33 74
14 92
8 64
39 18
81 98
51 38
93 32
90 92
44 8
44 87
52 59
66 31
15 78
57 20
77 93
16 90
78 75
41 58
16 70
42 92
27 31
29 0
29 5
15 1
71 78
20 15
25 54
15 97
71 81
14 80
95 10
17 93
78 84
88 33
64 26
25 26
67 78
52 34
19 78
29 25
5 53
62 81
96 21
17 42
81 84
43 74
16 6
4 37
81 16
93 54
54 40
88 68
52 30
55 15
45 15
71 29
80 96
27 89
61 84
4 5
96 86
12 95
87 31
34 31
18 52
29 65
37 80
28 15
31 46
77 71
88 78
78 68
20 97
38 61
10 55
74 29
79 71
83 62
6 79
16 21
20 23
38 32
90 84
11 70
69 41
5 29
77 1
32 81
48 66
79 59
83 73
7 32
43 66
91 38
58 42
30 31
42 84
7 67
16 19
70 56
80 25
54 93
33 93
8 63
29 74
70 42
22 10
18 89
44 24
94 15
X
68 93
0 81
33 72
39 65
27 40
94 23
39 23
16 42
9 49
35 56
38 51
64 19
73 44
82 51
19 52
43 73
12 78
62 70
0 53
89 36
18 0
56 25
9 6
17 48
51 42
97 3
77 87
36 56
60 37
37 13
14 84
53 76
35 58
43 14
87 13
87 66
19 82
65 73
77 32
66 54
64 56
7 56
75 28
23 70
8 25
37 37
43 7
49 79
31 97
21 68
87 86
63 44
28 76
25 29
39 0
54 5
1 58
97 19
13 96
39 77
61 23
96 54
75 54
54 95
42 48
69 29
86 6
4 40
10 43
26 7
4 64
57 12
63 11
53 64
22 20
36 76
33 36
71 63
43 36
66 8
44 41
46 89
30 18
24 33
29 79
12 82
50 78
29 47
28 84
82 97
98 67
73 58
56 51
17 97
91 94
6 81
75 0
70 41
17 22
65 53
85 11
51 24
13 21
82 12
9 59
35 21
56 85
75 38
76 35
21 3
24 68
30 66
38 79
45 17
56 55
0 55
45 0
23 12
28 7
53 22
84 61
32 67
96 85
34 69
25 49
32 54
45 56
92 21
66 86
78 28
28 73
18 3
97 38
57 60
38 41
23 80
21 15
94 94
45 67
51 92
71 71
80 66
33 27
58 37
38 28
2 64
30 16
55 77
26 82
53 91
81 80
53 49
35 79
20 80
59 3
3 84
38 67
24 21
13 25
97 8
20 79
80 77
22 35
49 39
75 87
45 49
93 4
77 16
25 59
16 8
27 2
49 59
66 74
94 11
6 95
50 40
74 16
85 41
46 52
53 90
81 30
14 87
16 26
66 3
24 91
72 7
19 90
17 8
16 11
13 50
27 85
41 37
4 17
80 71
82 78
24 30
36 80
25 17
44 95
62 7
96 42
86 19
46 95
1 15
56 39
36 27
7 37
49 85
77 80
53 7
26 89
1 10
97 58
91 60
4 42
53 78
8 36
18 68
37 11
82 65
6 28
37 85
46 15
42 66
15 52
57 79
77 38
95 43
26 30
20 19
48 96
57 80
95 88
49 63
89 77
45 68
11 37
47 32
64 95
10 44
30 23
25 88
74 17
82 83
86 30
90 97
97 36
46 88
39 43
71 28
44 16
63 78
82 58
24 57
20 44
26 44
50 46
8 10
60 77
80 34
56 21
72 20
48 81
46 4
67 89
8 16
71 60
9 40
34 87
68 44
18 9
20 1
71 13
47 15
89 32
14 94
53 87
70 94
83 35
85 29
82 5
14 71
94 20
74 38
9 32
49 70
33 32
84 63
39 29
13 55
54 50
36 84
34 64
3 15
98 12
6 60
13 58
40 86
11 66
10 35
2 94
39 26
49 49
41 69
22 38
22 31
5 5
85 76
X
27 68
54 88
25 52
46 31
80 67
76 1
19 64
76 72
90 85
93 3
55 62
91 41
26 58
58 16
42 42
32 90
13 39
76 90
8 84
33 19
32 34
69 37
20 45
57 14
38 92
59 25
20 28
17 4
63 56
53 50
63 18
42 87
43 39
90 75
7 58
41 22
12 15
61 73
95 40
18 22
63 82
63 81
35 93
98 29
9 76
26 8
51 58
89 71
51 74
1 87
28 59
90 60
40 84
30 35
47 62
41 65
47 49
39 33
10 69
34 13
48 79
25 93
35 23
77 31
69 74
73 26
85 70
24 38
31 35
67 21
79 1
18 73
9 98
75 63
88 57
53 97
23 83
28 77
64 65
40 5
21 9
84 6
90 15
75 16
16 76
84 64
75 62
86 59
82 76
49 11
68 16
30 75
68 90
52 38
35 47
38 59
50 35
39 70
21 4
64 8
31 36
87 74
54 61
85 24
53 72
55 14
25 83
87 84
14 95
17 26
95 79
98 18
62 16
84 33
10 86
83 79
72 30
79 28
67 3
55 24
22 45
57 42
62 79
7 17
45 90
72 44
54 91
54 47
29 67
83 29
73 52
37 48
85 30
5 37
26 26
9 45
90 68
3 87
36 37
10 48
25 34
12 33
26 6
26 24
14 20
7 76
18 16
68 94
16 3
63 8
54 4
27 3
68 10
46 45
6 69
93 38
26 59
29 41
8 66
15 4
61 69
97 62
82 52
48 57
11 75
79 94
68 77
83 14
5 65
41 91
59 61
73 71
86 22
44 36
65 70
84 23
53 43
35 11
45 20
58 59
27 47
51 22
3 29
70 68
44 78
88 46
79 34
69 80
65 11
1 59
87 30
60 64
41 6
87 1
43 54
50 45
23 91
45 63
80 64
98 39
12 87
72 26
54 17
45 95
35 57
52 40
61 94
71 51
87 12
34 26
49 64
2 77
0 97
61 91
11 58
42 94
6 14
46 93
63 80
78 21
1 76
79 88
78 22
89 54
49 74
26 48
95 87
63 3
97 70
80 28
23 73
51 90
65 71
89 45
X
40 95
66 28
41 96
98 80
27 43
54 41
48 92
97 26
5 43
87 42
25 72
12 35
29 56
23 42
84 52
15 55
80 14
10 3
30 97
49 71
15 48
1 45
29 22
38 16
67 95
10 58
77 83
23 95
6 63
68 4
3 19
68 82
39 19
53 53
96 69
83 3
15 18
X
76 38
43 96
84 35
62 23
92 39
66 5
82 50
39 92
8 17
82 54
15 51
39 62
77 61
44 82
1 23
61 62
92 4
11 53
76 77
6 64
42 89
65 44
3 86
87 24
88 89
54 46
52 39
27 28
7 29
53 2
34 38
25 44
39 74
76 83
50 64
63 24
62 47
39 72
58 72
89 18
35 41
95 28
17 9
14 85
40 68
85 61
47 91
39 20
42 20
6 34
23 93
59 23
18 45
35 64
48 17
60 81
23 50
95 76
66 6
13 19
38 50
76 50
40 76
96 41
91 96
68 71
43 56
17 3
30 34
92 41
0 13
19 88
30 2
39 75
85 42
13 7
13 47
14 63
55 63
98 33
6 49
52 75
60 90
64 77
9 12
94 76
85 62
72 1
55 20
67 10
58 95
37 50
59 22
12 20
25 37
59 91
51 21
87 50
43 57
26 33
71 72
66 71
33 92
22 58
19 83
86 88
28 69
91 18
15 22
70 83
79 9
42 38
74 39
58 97
54 57
4 80
93 72
72 25
36 82
37 82
46 51
77 63
93 64
98 49
65 57
79 85
55 59
18 12
84 60
82 22
X
50 69
19 53
96 33
47 94
7 84
70 81
88 13
94 56
45 21
9 97
83 78
52 65
52 25
18 54
88 56
10 92
88 24
23 5
4 97
67 75
36 79
28 9
72 33
69 70
44 39
59 54
2 90
43 29
1 12
62 10
91 1
93 14
91 23
85 19
0 48
26 35
28 18
63 65
90 59
55 73
4 56
15 54
15 85
69 9
95 57
76 0
15 70
88 71
68 76
59 26
7 3
93 34
32 13
26 83
87 71
95 9
28 19
47 98
22 48
55 71
48 28
7 75
9 37
23 44
90 91
62 59
75 23
52 29
75 35
19 42
98 38
9 41
27 62
73 50
59 69
17 34
53 93
55 68
6 66
66 73
57 41
69 66
36 48
43 9
66 94
75 37
44 62
94 43
77 40
28 41
60 92
14 55
80 21
33 70
74 57
85 7
25 35
78 53
55 28
82 88
88 7
32 16
24 69
39 58
23 21
11 90
12 74
91 82
17 49
46 41
87 20
29 78
48 24
9 65
64 9
78 66
4 21
39 91
54 56
70 57
15 90
15 25
61 74
42 15
86 85
4 44
53 84
60 1
11 85
98 64
81 91
43 93
83 24
71 9
93 67
26 62
35 76
3 93
86 60
26 13
22 52
91 71
49 13
29 2
91 31
73 93
10 15
38 95
31 22
31 63
68 38
73 53
45 50
3 23
15 56
84 69
60 33
41 78
85 82
74 95
94 60
23 19
47 41
57 77
8 23
58 10
15 93
12 60
30 42
X
50 60
41 94
33 35
96 64
82 15
24 4
8 39
74 2
70 97
47 54
2 47
77 28
76 41
72 65
76 91
39 67
94 2
X
29 98
8 20
58 33
9 3
19 69
40 34
38 81
52 23
66 89
88 95
87 22
10 45
48 82
45 26
64 90
56 88
75 89
57 61
84 22
9 14
28 20
46 16
84 12
72 50
61 64
47 13
67 2
96 95
23 25
51 55
57 93
98 46
53 0
98 92
94 10
50 36
15 39
14 16
33 31
85 66
19 81
90 62
79 72
39 59
98 4
31 45
81 70
54 18
47 97
51 48
15 76
98 62
85 92
86 65
24 9
64 42
80 24
9 2
39 63
59 90
84 94
57 31
61 72
84 85
X
63 16
12 10
76 86
2 69
46 59
16 47
47 16
2 97
20 38
53 25
30 10
34 58
38 94
75 8
53 4
12 66
88 17
7 12
55 0
39 34
24 85
35 50
15 49
88 67
69 62
40 40
21 67
26 11
90 34
93 88
52 2
40 44
48 95
52 61
56 45
85 74
10 89
24 34
57 59
43 75
35 66
6 55
28 28
48 37
47 87
29 80
94 0
4 2
56 62
74 75
40 17
71 79
86 21
85 63
53 73
51 63
10 10
27 73
30 8
74 7
6 15
36 91
88 4
11 48
31 69
92 86
44 55
76 79
57 45
83 64
88 0
37 19
2 28
39 80
49 61
94 45
48 21
55 45
49 58
64 84
25 33
57 82
33 88
18 6
13 56
70 13
32 94
17 55
9 16
64 89
53 29
30 33
80 4
85 33
65 93
92 60
7 50
10 42
57 94
2 30
22 66
10 12
41 88
18 25
8 32
41 19
17 1
95 56
44 88
83 47
84 86
52 5
40 11
60 67
26 52
72 93
95 89
38 60
96 48
74 20
55 51
47 73
72 67
16 61
23 56
81 68
84 66
16 56
12 72
51 7
20 40
66 17
26 49
63 2
62 31
35 37
71 90
45 60
18 8
91 74
57 24
6 16
81 18
48 27
14 68
18 95
13 70
8 44
9 48
33 7
60 27
91 86
32 42
96 15
0 21
52 53
18 79
32 24
34 19
42 16
79 86
39 27
71 2
71 1
35 28
50 28
73 33
73 38
51 10
24 56
15 0
35 89
12 76
59 85
41 17
52 83
48 47
67 62
65 95
83 91
80 48
39 14
28 68
98 9
57 68
55 31
67 73
63 43
47 55
3 39
78 88
23 45
98 30
50 2
80 82
12 36
10 88
30 81
82 46
7 20
93 13
83 77
78 70
37 46
67 54
37 96
4 77
10 28
13 36
59 72
6 86
7 78
22 21
34 86
30 29
25 86
2 45
33 51
60 69
58 53
3 60
66 72
7 19
71 26
34 72
9 94
66 56
22 39
35 91
4 16
95 93
73 76
10 2
23 81
63 30
38 36
72 27
79 54
53 20
59 53
43 58
59 56
98 79
76 13
18 43
45 33
25 11
78 3
60 41
47 72
73 17
19 74
96 31
83 50
83 89
77 20
28 45
17 57
49 7
56 81
16 54
88 80
17 51
48 91
80 9
1 94
16 35
97 82
50 54
74 70
94 90
53 6
88 65
66 23
63 55
46 7
36 64
60 26
31 31
17 75
48 74
49 66
30 48
31 16
76 16
47 45
69 63
92 38
23 17
40 85
80 29
28 12
11 60
15 37
12 58
81 72
31 18
89 13
25 61
1 98
50 76
50 20
98 13
74 0
16 71
51 17
48 32
44 10
1 18
41 5
68 91
59 65
42 86
3 95
54 0
37 0
24 86
40 52
11 14
28 70
45 36
93 35
53 16
56 32
35 48
15 7
77 77
22 23
97 56
56 82
84 47
57 74
51 33
73 80
34 74
85 59
88 58
20 57
9 95
20 77
X
84 57
87 18
70 28
10 76
89 0
8 45
12 21
62 6
37 58
7 86
49 68
32 89
15 14
88 66
41 3
39 1
9 35
92 35
22 85
1 93
40 32
78 24
7 47
13 41
83 66
80 55
94 9
17 92
12 79
42 83
34 55
54 31
54 49
81 17
91 53
67 25
39 9
18 60
31 0
9 36
4 23
47 24
23 22
59 64
26 74
34 81
2 92
11 65
34 40
58 2
3 25
65 23
49 55
1 91
69 81
72 87
11 29
15 2
76 34
53 36
8 2
94 72
90 42
36 78
62 57
49 41
20 56
32 36
53 42
52 41
0 67
70 30
17 98
38 48
24 54
77 66
74 77
29 24
57 32
56 52
X
81 85
88 2
69 53
27 78
25 53
21 2
53 59
X
X
X
10 93
X
50 67
88 53
X
3 27
X
96 45
31 94
95 65
90 76
X
X
18 75
14 19
X
X
X
X
X
X
22 30
31 39
29 4
13 77
X
X
X
35 92
39 90
X
X
X
70 95
9 67
52 60
X
52 56
X
66 66
13 61
43 94
X
X
X
X
X
45 37
X
61 47
36 86
77 91
X
X
74 8
69 72
X
69 90
57 34
X
82 20
94 44
X
41 48
6 94
84 1
X
1 68
65 90
X
X
45 82
22 42
52 73
X
X
91 98
X
54 38
3 30
X
4 71
X
X
39 21
X
35 19
94 37
33 17
85 80
61 85
10 32
X
X
X
51 25
98 68
20 41
40 60
57 51
X
X
36 50
X
X
X
7 10
29 37
62 25
X
80 45
5 55
90 70
X
X
X
95 14
X
63 35
57 90
27 82
44 90
7 7
X
X
65 69
28 91
X
85 16
X
96 11
36 45
X
44 54
X
X
X
X
42 5
33 18
X
47 28
26 28
13 33
23 2
X
77 45
15 71
85 52
X
60 86
X
X
X
72 89
X
X
27 74
X
X
13 87
75 33
18 59
8 40
87 46
55 46
X
31 86
X
X
33 66
X
24 53
58 7
67 39
77 17
67 74
X
71 70
X
54 63
X
X
11 59
76 28
X
X
13 14
17 84
32 3
13 89
X
21 21
37 92
61 65
X
87 85
79 5
X
40 12
70 46
54 1
83 38
94 55
X
17 91
X
X
20 55
91 4
X
30 37
23 90
X
X
X
X
70 8
X
X
73 16
36 52
83 86
23 47
X
98 31
X
X
38 58
38 68
93 91
75 51
X
7 4
X
4 69
37 66
29 97
87 35
62 93
X
76 53
52 18
X
X
X
X
78 15
X
X
12 7
X
X
10 84
58 21
75 21
X
79 84
X
67 55
68 24
X
67 81
73 95
8 49
X
8 50
X
15 34
26 41
X
X
83 40
55 79
X
X
19 73
X
14 88
X
X
34 41
X
26 76
64 59
41 92
90 46
X
39 57
80 93
30 26
X
X
44 50
63 7
60 56
96 26
73 86
X
X
27 58
11 8
X
39 51
X
X
84 79
42 24
X
86 41
50 72
X
50 7
X
86 83
30 43
X
80 92
77 24
91 20
5 90
X
X
X
X
56 69
X
78 14
31 2
X
24 95
X
X
27 14
X
X
7 2
57 73
31 92
33 11
86 42
44 96
10 67
65 62
X
X
23 72
58 80
X
X
X
36 49
X
X
X
70 44
X
37 77
87 80
X
X
67 26
X
39 97
X
97 57
X
17 40
35 10
X
X
80 65
13 23
31 57
87 44
73 59
43 28
67 22
8 93
21 72
75 91
15 53
X
X
X
87 52
66 83
15 10
18 19
65 49
30 39
X
48 50
X
X
X
68 80
X
X
2 49
X
43 62
49 14
39 68
69 68
53 18
15 91
X
90 63
95 70
87 7
46 18
77 89
X
X
29 68
51 51
31 71
X
88 5
X
58 54
56 33
29 42
X
X
36 88
X
X
X
X
X
X
X
X
X
X
98 51
X
X
83 67
76 78
X
48 85
51 86
X
91 63
31 93
77 21
X
98 50
62 9
X
X
27 21
X
74 22
X
20 14
43 59
30 30
X
X
98 71
X
X
23 7
87 49
3 12
X
65 65
X
24 94
45 43
X
38 1
X
82 25
X
X
X
64 72
62 88
X
82 74
4 3
90 26
X
83 26
45 24
54 58
22 44
X
X
X
X
X
X
32 31
44 60
39 11
18 71
X
X
X
X
X
X
15 64
14 69
X
53 74
X
81 48
35 39
76 24
X
11 69
X
X
53 45
95 77
88 41
5 51
40 25
X
4 76
34 88
27 34
6 84
2 86
8 30
67 45
23 75
61 77
X
X
80 22
X
X
34 95
95 64
X
X
X
X
X
97 92
48 45
48 56
X
X
X
X
59 66
X
X
41 38
21 94
82 48
78 82
44 48
12 25
X
11 56
14 18
2 0
1 97
X
67 77
X
79 61
X
70 80
68 42
11 72
55 82
77 13
90 51
41 57
33 64
X
X
77 69
87 43
91 92
X
X
85 51
18 65
X
11 91
85 35
17 20
59 96
X
64 49
X
83 94
13 59
X
42 95
17 6
31 26
55 19
X
70 20
X
67 57
41 10
81 66
85 25
25 84
X
24 6
28 83
82 31
36 30
X
63 25
75 46
X
X
X
X
17 17
35 49
X
48 77
X
X
89 62
X
58 57
33 38
X
69 83
8 91
91 44
42 7
73 35
X
X
10 37
85 20
6 85
X
48 31
X
X
58 85
29 81
52 51
18 62
X
88 83
17 7
39 17
22 95
63 75
7 80
X
93 69
X
74 92
77 47
28 42
66 34
76 71
15 77
X
97 59
95 47
X
X
52 21
80 54
22 69
X
35 63
X
43 53
X
59 92
0 95
93 27
50 48
39 45
58 4
5 97
X
X
X
80 1
X
X
55 32
63 76
36 72
84 65
11 61
X
56 94
65 8
36 62
69 22
69 55
X
95 39
21 29
23 37
X
81 86
X
X
X
59 40
67 70
X
X
X
87 3
X
X
X
47 52
71 52
5 74
78 31
X
X
26 12
53 17
X
44 58
37 87
X
18 5
X
X
90 17
77 56
5 20
X
67 41
54 83
74 87
78 35
20 73
94 77
X
71 32
24 59
32 2
X
49 12
X
X
X
76 66
X
X
X
2 59
17 5
30 98
X
X
X
X
8 41
20 27
X
40 77
X
11 54
4 51
X
38 0
X
53 61
58 26
43 1
X
X
6 21
X
94 83
X
8 96
90 65
X
27 60
28 80
X
X
X
24 36
X
94 92
96 36
X
X
X
26 73
X
55 88
47 59
1 27
60 29
97 43
80 47
X
X
10 21
4 49
88 28
27 83
29 50
0 50
X
X
56 29
1 19
33 26
X
X
53 65
21 17
86 37
65 17
40 23
61 36
X
52 91
X
X
20 58
45 40
X
11 86
54 90
24 75
X
X
17 16
X
79 15
31 25
79 87
61 53
X
X
X
91 16
X
26 78
83 95
X
3 32
X
82 73
X
32 41
81 25
11 33
14 7
X
64 96
X
X
X
X
73 43
28 50
39 44
52 52
42 10
56 87
27 91
X
X
5 61
X
X
X
97 67
5 10
27 39
76 93
X
X
X
12 6
79 75
36 73
28 72
X
62 51
19 57
9 25
42 78
61 26
56 31
22 13
52 6
34 65
28 58
18 28
41 75
75 72
66 40
43 37
18 27
54 21
X
X
0 68
42 36
8 47
X
90 0
X
X
70 31
95 78
X
46 33
X
86 3
X
47 6
91 34
X
13 40
4 50
X
10 17
X
98 78
68 98
X
X
X
X
X
65 48
X
0 15
X
X
X
X
X
X
20 70
59 38
51 34
X
86 54
71 7
X
X
38 33
X
71 34
X
X
79 14
17 54
X
6 40
23 35
X
X
76 23
X
X
8 12
12 1
X
96 49
X
X
48 60
47 60
35 62
X
X
X
X
27 41
X
1 48
X
X
20 72
X
27 90
15 96
92 22
40 9
X
X
6 90
X
X
59 71
X
X
86 53
X
X
X
39 53
75 30
X
28 49
5 33
X
96 89
X
X
24 84
70 32
93 78
16 81
53 28
17 14
8 57
X
X
13 79
X
X
27 64
6 42
X
61 29
X
94 59
X
74 64
X
11 22
67 63
24 26
53 80
X
X
4 94
19 80
X
X
56 9
X
60 85
28 74
X
51 4
37 36
44 37
28 78
46 21
X
X
79 10
33 87
X
47 7
X
X
X
31 32
X
X
12 46
X
96 32
X
74 53
86 18
X
5 87
16 92
74 21
X
X
83 61
X
55 5
55 85
X
30 15
78 79
X
X
29 75
X
94 70
89 53
X
X
20 62
X
63 38
1 64
60 53
96 57
X
13 16
81 96
X
28 57
54 86
X
X
17 96
94 27
X
X
X
80 30
10 68
X
X
51 50
9 60
X
27 98
X
X
87 38
50 79
X
77 51
X
94 46
60 71
21 28
6 98
19 71
72 72
X
1 72
0 98
49 57
38 31
42 63
X
X
X
92 92
X
76 87
61 89
X
38 37
X
X
30 86
X
X
0 69
X
X
72 47
25 30
92 70
20 42
X
X
X
56 42
57 33
X
66 37
46 64
15 27
77 67
X
47 70
57 23
13 86
84 78
41 67
X
X
X
X
50 62
X
39 82
X
6 26
