125 10
43 119
95 139
72 194
115 27
143 197
63 143
123 31
75 67
155 39
193 4
124 78
17 5
134 113
143 66
113 24
107 182
74 81
156 155
142 14
30 160
45 136
51 174
166 135
149 68
158 3
76 107
12 4
190 41
117 27
190 166
X
36 73
51 113
51 150
67 161
154 72
174 52
176 20
132 153
103 152
34 192
7 85
157 106
78 149
84 27
191 160
55 144
139 14
12 14
47 121
74 101
44 182
64 7
123 60
122 15
141 145
62 182
176 19
4 123
12 150
7 112
48 164
148 171
77 29
182 29
29 97
17 77
160 191
41 195
172 160
20 152
184 155
176 82
70 120
103 150
178 122
4 131
180 5
127 87
67 168
170 33
63 178
178 172
137 152
138 77
54 50
153 31
110 111
79 60
X
196 30
X
130 30
43 164
178 121
112 38
72 147
176 76
159 106
4 73
64 175
6 132
42 36
37 76
43 162
176 61
31 6
55 175
158 36
4 120
108 32
100 131
87 194
112 32
31 124
131 57
23 67
33 5
38 184
133 159
178 81
149 18
94 69
132 163
53 24
174 26
38 36
180 38
31 108
11 37
80 127
29 161
81 142
61 189
92 190
62 8
63 45
192 182
67 35
92 91
141 143
123 162
142 90
4 153
182 30
34 56
40 170
16 72
46 37
140 154
99 8
151 93
192 171
173 196
179 77
103 48
156 121
74 56
143 188
66 77
31 174
91 157
142 31
57 74
78 151
116 80
104 175
39 19
147 181
192 38
165 178
103 112
39 44
148 95
74 63
21 32
69 3
66 102
118 41
105 68
193 86
170 176
170 39
73 88
128 89
50 187
65 46
35 51
47 123
152 182
17 133
35 20
95 30
36 20
56 157
106 144
53 187
63 171
1 24
178 101
24 17
10 50
28 139
X
2 191
169 47
31 155
41 146
167 28
87 162
95 51
163 174
126 129
173 47
5 30
85 163
65 16
83 1
66 114
87 58
60 62
42 125
192 11
57 106
78 58
154 134
31 118
151 137
63 188
X
63 93
12 107
124 124
169 60
181 95
77 54
98 176
153 37
123 153
34 105
151 171
56 118
190 174
158 10
68 56
25 181
105 58
177 144
190 65
43 98
9 150
126 31
145 114
24 195
57 35
100 12
176 143
147 118
30 26
52 187
192 46
130 52
151 7
124 176
79 121
108 38
17 57
23 16
X
175 163
188 88
191 194
39 41
161 13
89 35
188 143
123 129
79 39
60 3
46 44
38 175
72 63
83 72
165 4
162 21
69 89
51 28
71 73
78 36
125 119
157 53
86 35
134 138
33 127
4 192
180 54
27 81
24 134
191 88
162 96
117 53
31 26
81 29
167 3
5 130
55 173
41 88
111 75
64 172
105 39
27 123
19 103
13 77
193 19
112 140
X
28 14
105 159
136 112
125 148
154 103
16 27
66 2
49 87
97 108
82 74
142 15
152 86
151 182
89 193
122 26
145 195
88 105
41 157
151 22
14 38
170 183
44 116
46 86
187 154
26 80
151 21
55 155
181 190
127 170
104 108
71 72
32 56
167 88
56 135
117 12
108 36
13 131
55 3
X
X
68 16
54 158
44 162
187 102
84 104
189 120
16 53
52 44
173 21
168 197
78 180
7 11
117 89
148 59
103 51
83 4
49 85
22 83
55 187
55 33
75 138
51 21
127 171
7 113
11 151
187 142
171 46
130 65
85 57
26 45
161 96
178 35
9 4
51 14
11 68
125 57
53 163
146 121
X
183 152
185 75
179 80
28 123
49 192
104 101
66 74
126 130
X
164 173
101 189
27 116
147 95
68 57
127 4
142 57
33 98
158 50
150 31
107 74
191 192
150 6
121 143
118 194
192 5
19 153
138 93
63 163
171 191
84 76
61 1
43 46
160 54
159 74
193 5
137 139
193 117
127 90
9 101
30 150
193 189
169 58
168 28
36 77
89 173
98 68
195 126
189 115
14 179
15 193
191 79
116 144
146 105
66 76
56 151
46 104
152 82
4 43
177 197
45 6
129 71
71 40
69 2
48 10
120 120
54 102
90 193
175 171
X
11 11
X
151 28
83 83
154 84
98 91
127 97
54 14
184 191
76 86
161 33
13 132
86 113
95 33
71 106
178 168
50 44
34 125
2 132
23 17
146 143
17 55
29 146
21 151
39 18
170 135
135 77
7 84
137 77
51 90
189 12
25 42
8 74
50 51
3 95
34 33
6 11
49 84
83 163
99 108
168 65
157 191
194 115
120 43
104 39
95 62
125 129
165 196
173 61
61 94
71 194
135 103
X
160 174
52 40
188 170
9 112
138 45
130 25
182 25
150 28
43 137
143 148
193 46
109 88
111 168
187 136
158 62
3 137
52 67
10 46
75 80
32 110
46 108
38 87
178 169
36 75
42 133
X
26 119
100 147
73 193
74 59
100 14
136 89
112 121
147 134
168 87
52 47
172 18
36 146
98 14
47 49
17 119
6 146
40 174
157 60
172 40
154 95
4 121
6 52
4 165
33 31
24 137
126 13
175 130
138 72
154 86
132 104
68 49
160 192
94 133
120 14
145 52
51 163
136 108
120 163
123 91
53 118
170 90
142 29
172 108
27 138
134 19
121 146
138 16
X
141 174
X
39 29
175 102
67 105
84 96
X
127 85
112 122
42 128
97 111
136 123
19 191
98 149
159 96
24 185
4 42
19 60
41 2
56 32
27 98
68 181
87 101
157 146
169 74
28 147
171 146
57 119
52 68
23 63
41 194
178 117
55 32
191 129
41 160
124 170
8 168
112 31
142 106
151 9
9 132
71 60
161 32
29 136
106 123
118 191
99 17
137 141
77 34
19 186
120 129
193 118
9 128
187 140
170 106
93 123
27 78
44 161
53 33
24 21
156 177
58 58
154 90
124 23
144 105
75 32
28 148
32 54
4 77
1 163
68 182
69 121
5 62
174 30
59 161
168 52
134 99
187 156
165 155
X
147 117
166 155
73 6
X
64 14
114 179
53 54
84 81
72 57
27 74
19 115
37 88
110 13
11 38
23 24
104 173
65 175
12 102
119 151
66 172
93 121
73 128
3 25
65 6
142 45
98 148
145 64
71 75
69 106
63 176
82 90
99 109
99 147
8 114
158 41
148 104
121 79
59 5
118 70
87 3
40 63
141 92
120 187
87 97
23 192
173 139
127 100
X
141 41
12 153
107 189
71 128
164 160
119 193
92 174
182 2
137 144
160 129
140 10
165 82
152 90
192 183
57 36
168 31
93 69
40 144
108 72
191 50
86 105
107 119
22 104
133 140
160 135
94 92
179 16
129 183
136 105
186 136
74 29
23 184
174 154
193 193
48 165
72 65
158 20
86 81
149 92
57 107
X
191 19
150 19
181 83
180 36
188 172
13 46
98 147
X
24 183
14 141
111 140
11 128
103 143
89 56
126 86
110 39
140 156
38 196
45 104
14 55
178 39
6 130
51 171
13 142
147 9
76 47
174 160
159 168
95 13
193 188
179 105
63 172
X
132 132
52 32
140 96
76 28
150 180
194 95
28 42
9 130
77 27
141 76
94 93
128 45
141 89
92 41
1 93
104 89
182 39
95 100
189 142
178 76
145 188
85 137
28 169
83 70
74 87
93 84
79 138
5 171
19 167
27 75
4 26
123 176
13 178
56 166
24 20
90 180
84 93
91 4
147 20
123 86
138 183
141 93
105 27
166 168
X
104 182
29 114
168 60
X
2 130
4 39
75 65
190 172
123 57
179 76
192 118
55 35
176 106
32 123
91 177
193 130
51 34
122 78
88 147
141 173
8 100
190 79
180 191
81 128
170 146
155 70
49 28
106 48
143 44
156 180
136 109
11 79
16 48
187 137
8 153
20 167
52 136
122 112
78 99
110 77
122 12
97 159
193 126
88 102
25 53
176 97
77 46
4 117
25 43
114 80
14 44
81 60
43 128
178 83
119 27
77 16
42 121
60 85
183 153
63 1
34 20
158 39
143 68
76 5
45 105
157 12
181 118
13 72
87 120
17 53
34 143
7 154
189 100
8 88
35 110
181 177
12 38
121 9
140 41
68 59
69 86
55 54
X
76 90
162 36
97 189
113 6
39 39
75 3
69 60
95 99
192 180
64 95
86 169
87 81
154 56
82 50
70 40
14 27
132 161
56 114
56 164
73 189
133 149
23 12
67 135
165 2
X
125 11
179 59
11 93
43 66
156 179
192 14
142 41
21 84
100 193
X
103 124
75 133
110 142
148 88
129 48
55 36
25 139
74 150
35 154
29 115
14 53
142 102
178 78
40 62
114 28
57 73
150 20
181 109
52 69
157 134
125 59
108 126
54 70
187 159
42 7
179 39
145 102
109 13
32 127
169 142
72 93
25 65
59 155
55 17
152 135
19 102
X
123 107
83 143
171 122
104 158
165 60
55 139
141 144
53 100
50 127
5 184
112 119
50 18
78 29
127 8
168 63
153 82
22 63
84 141
180 157
6 174
47 51
74 100
94 90
32 87
55 194
187 166
141 71
57 190
8 150
74 27
177 138
68 114
148 54
192 82
154 57
141 74
156 68
172 110
4 161
40 196
26 168
113 101
86 121
144 183
139 70
11 6
86 68
67 46
188 176
116 28
195 117
29 187
189 76
92 107
42 96
170 76
81 48
91 25
161 118
10 165
190 106
15 191
181 90
169 76
162 19
147 161
61 127
155 9
58 83
27 137
86 119
143 191
51 29
91 108
189 78
76 48
184 143
135 120
16 55
168 135
126 89
146 23
45 41
159 107
39 36
136 177
73 147
99 12
55 104
89 34
12 103
169 101
52 151
167 29
141 177
18 116
140 91
119 50
109 59
103 126
158 107
67 34
14 39
78 14
105 71
97 98
X
4 137
186 141
42 15
78 122
92 109
121 77
135 174
14 102
39 67
54 171
44 123
116 47
30 110
164 118
52 141
50 84
129 45
36 172
193 114
38 55
117 186
17 152
157 143
169 119
14 131
139 180
114 83
86 170
175 94
66 176
38 50
32 98
122 80
132 38
23 8
167 158
101 193
96 68
37 137
67 102
133 114
180 35
74 126
49 189
69 6
9 104
114 6
5 103
63 129
176 170
49 43
30 47
85 93
72 56
193 60
158 120
43 3
182 4
13 57
8 112
184 38
105 153
110 122
159 60
23 65
147 162
122 76
16 70
67 139
33 7
154 133
18 178
129 163
140 75
10 14
110 58
153 90
84 94
79 54
104 132
151 8
53 150
76 102
185 91
35 139
1 23
120 104
71 56
143 45
172 138
75 157
123 174
180 81
55 74
61 147
155 142
11 40
19 121
174 164
142 181
103 28
90 194
177 123
177 139
40 15
129 50
148 144
184 139
132 100
X
51 144
185 89
49 106
73 151
154 91
8 84
127 122
99 100
18 5
191 46
18 191
73 161
173 190
67 32
46 39
24 78
129 156
197 59
90 146
67 131
168 178
X
41 48
188 167
91 43
26 118
168 56
127 183
178 4
118 162
84 75
124 182
67 159
132 129
136 171
108 31
161 169
126 1
123 110
43 112
127 27
74 67
28 79
98 88
124 110
164 155
160 10
7 77
111 171
6 46
122 123
23 36
182 38
105 101
118 47
189 19
31 56
118 167
141 40
177 130
161 167
12 11
32 187
139 164
86 168
27 87
138 177
193 50
161 75
121 145
42 179
170 48
137 108
109 19
X
87 32
75 98
125 38
X
101 27
141 81
191 86
81 126
161 117
68 117
22 34
147 191
165 91
79 119
159 194
87 93
165 87
167 6
44 50
21 36
12 148
X
70 190
142 54
155 8
52 119
46 67
173 31
122 144
100 15
2 131
19 101
131 54
175 164
10 168
141 160
32 193
41 40
60 8
62 180
31 91
96 159
70 125
188 165
72 190
90 51
127 71
159 155
9 99
75 105
3 21
155 86
174 29
4 149
11 80
2 194
46 106
77 151
73 150
63 3
126 37
197 58
162 122
132 103
52 154
176 81
23 41
91 3
27 40
188 154
X
181 2
X
71 39
178 120
88 125
175 168
74 32
81 31
100 88
133 192
142 38
8 15
146 56
135 176
36 18
49 44
69 171
17 137
16 156
33 160
138 111
119 24
68 172
147 57
91 23
69 72
16 188
90 41
92 184
52 84
34 19
88 27
25 191
25 136
171 178
146 146
65 172
160 33
118 67
103 162
191 130
94 32
105 61
149 164
80 39
71 191
135 98
132 130
53 88
7 111
33 162
126 84
167 30
23 182
29 141
X
78 106
180 177
14 57
65 118
100 7
176 18
42 87
68 168
29 28
94 132
159 57
106 13
192 60
160 12
166 83
58 134
41 96
183 105
164 2
X
141 195
71 136
99 99
25 169
14 188
188 66
100 92
35 108
62 143
142 33
100 13
73 60
51 52
67 177
194 144
158 4
146 132
137 12
10 146
9 52
180 122
157 71
X
128 84
41 192
52 79
59 87
118 81
155 13
71 3
1 91
161 170
81 136
124 47
83 136
X
72 59
X
113 138
5 174
133 40
180 91
75 34
87 4
77 186
93 85
150 88
151 178
10 140
10 2
105 186
71 8
148 57
123 160
102 69
44 76
190 35
160 49
55 106
23 14
122 145
150 164
48 55
53 29
141 184
175 93
187 21
130 46
172 163
52 103
8 146
120 10
55 117
38 40
93 122
160 11
52 30
181 108
X
20 122
52 76
180 52
137 22
159 157
42 82
87 2
48 47
13 27
143 65
160 21
92 140
93 22
25 149
49 88
93 136
41 62
X
121 184
5 154
35 147
83 162
195 187
47 119
135 75
83 81
87 7
9 98
55 147
141 56
80 73
61 95
18 177
13 43
94 129
180 105
162 191
193 142
57 87
175 104
157 192
94 22
99 164
97 52
31 5
152 137
168 75
133 144
192 126
64 31
28 168
156 144
137 72
195 4
36 56
13 191
17 43
134 170
189 77
76 91
56 89
166 194
71 131
188 156
85 59
55 53
98 7
19 123
92 43
169 132
36 103
193 113
42 67
140 80
38 127
14 74
161 106
178 158
146 17
70 6
53 141
180 2
51 27
138 173
26 12
3 173
30 108
148 53
3 93
34 74
57 76
26 42
101 176
179 71
15 51
88 190
155 4
67 157
X
62 59
23 26
54 125
175 108
69 74
120 124
X
148 134
86 164
128 52
149 64
171 145
105 142
157 11
56 3
152 53
162 118
100 167
65 14
173 46
124 149
172 10
38 128
74 134
104 36
138 161
160 20
52 70
83 84
120 69
54 18
128 71
18 133
44 36
41 155
X
131 62
103 99
69 170
3 91
78 145
106 179
119 162
44 82
34 190
159 10
153 170
74 185
29 32
56 60
168 62
149 88
191 89
127 88
31 149
77 161
62 31
161 94
78 161
156 191
180 154
61 162
28 114
142 59
91 63
126 99
93 140
150 171
173 145
138 162
84 30
24 140
120 108
168 46
83 161
119 48
193 195
21 67
13 15
88 149
77 13
181 70
26 78
86 114
38 49
143 195
194 2
143 54
19 125
46 70
8 154
7 119
77 100
81 1
20 9
21 26
50 75
90 158
76 4
157 5
85 157
183 185
43 70
55 171
59 163
191 4
26 191
61 93
68 178
76 145
49 150
41 74
74 83
41 196
187 172
96 30
147 189
29 148
67 182
55 16
5 101
16 69
126 49
143 67
26 49
184 27
126 176
122 146
44 44
87 84
33 184
39 62
24 40
119 104
190 67
38 63
188 11
110 140
76 96
118 83
87 125
15 106
164 158
99 154
30 75
168 26
69 115
145 54
79 27
148 75
3 178
172 142
34 149
39 175
89 112
16 137
46 42
188 40
138 170
147 132
120 123
61 58
42 75
51 140
16 116
73 139
X
23 13
34 185
113 140
X
75 83
22 18
135 139
85 162
178 20
76 162
184 194
117 24
159 36
139 102
167 32
82 46
192 172
177 154
179 32
179 28
135 123
128 91
150 117
130 63
26 170
68 47
162 42
106 18
25 66
78 60
51 51
102 24
19 62
54 52
173 19
61 11
76 150
38 181
102 17
19 165
20 33
97 62
88 169
81 30
153 49
93 79
23 9
70 194
182 27
195 127
169 107
126 133
154 37
36 174
156 49
75 178
76 37
114 10
108 125
130 180
27 42
44 137
148 6
107 31
84 101
194 79
155 82
1 176
89 58
178 157
180 178
84 21
172 12
109 123
105 34
13 136
157 153
161 137
167 135
115 163
56 7
52 127
17 188
65 75
11 76
139 71
93 197
124 179
108 187
53 124
73 191
8 12
169 121
146 148
104 112
81 140
100 166
28 94
122 151
130 156
96 165
X
63 168
24 79
176 154
92 52
45 36
75 134
66 168
55 24
145 150
57 139
27 95
191 126
89 10
48 52
65 180
50 74
149 29
35 181
24 28
155 43
170 18
103 88
49 163
86 108
6 13
89 120
27 172
10 4
158 155
170 119
107 87
79 157
31 110
175 76
165 86
38 91
191 186
6 77
174 157
36 181
143 190
117 9
39 87
97 79
79 129
185 76
64 4
X
30 103
79 46
53 87
18 179
10 87
148 105
46 83
28 50
168 74
107 71
31 94
74 131
61 182
86 111
28 80
110 179
77 56
166 87
144 64
181 120
81 88
54 3
107 85
70 106
121 185
125 27
130 62
155 72
7 123
66 175
75 102
64 76
126 113
41 19
87 68
51 41
137 89
124 46
112 134
180 158
135 9
53 104
66 40
81 55
90 52
137 99
X
122 14
168 76
188 8
6 10
42 48
115 86
36 104
21 34
1 22
3 194
42 77
143 53
63 169
186 73
155 191
125 79
84 99
188 120
121 43
32 194
X
8 118
171 41
24 191
X
118 92
41 84
6 98
139 89
193 116
52 170
87 20
94 40
125 123
179 35
174 146
146 78
63 156
25 123
38 193
84 71
26 114
105 182
135 11
91 51
93 91
188 10
133 147
15 48
179 102
176 80
164 115
34 104
153 30
20 190
141 196
160 56
175 95
134 110
11 139
65 102
157 104
46 43
166 174
63 95
68 37
56 169
47 50
152 49
97 81
19 188
66 182
69 119
182 183
31 115
194 118
42 166
96 156
150 169
146 147
90 8
8 59
96 83
152 41
X
50 115
73 93
X
64 1
100 134
91 129
194 179
17 47
102 100
162 86
47 53
34 195
140 77
122 108
56 168
84 103
110 138
17 167
117 162
17 80
69 50
188 114
44 119
157 15
56 134
136 76
161 8
52 125
173 194
40 166
186 68
190 47
X
5 29
88 114
25 78
56 58
178 32
137 156
40 142
63 159
183 178
156 190
64 189
143 95
54 151
55 150
5 139
56 167
129 89
129 153
47 47
71 146
179 18
138 154
94 43
144 41
99 98
73 152
143 80
14 42
193 78
145 32
157 68
101 154
88 59
15 179
36 173
51 195
X
139 16
120 13
119 143
17 166
51 54
163 115
52 75
6 123
144 29
69 102
124 45
105 60
42 43
126 124
25 44
161 15
176 59
41 36
178 109
137 101
179 186
121 152
69 8
188 22
159 33
38 56
100 133
133 58
108 160
84 143
194 30
172 49
38 27
192 142
186 156
83 141
34 65
119 43
55 47
70 45
168 134
76 157
109 35
52 77
X
68 121
162 154
194 47
171 189
192 156
X
194 52
96 33
53 15
22 134
192 159
67 17
71 38
192 2
63 15
180 156
61 143
10 111
68 72
105 51
98 67
63 128
153 171
115 12
29 47
40 36
22 5
43 127
164 168
X
109 130
119 57
158 21
66 20
49 187
109 121
68 136
116 176
51 154
145 29
85 32
191 21
24 18
188 35
143 144
156 196
128 153
174 197
186 138
106 61
130 155
49 5
189 68
91 24
165 194
126 47
154 49
87 149
161 78
112 112
95 138
47 2
88 104
30 186
191 41
148 52
114 84
111 138
92 62
168 132
29 106
160 15
78 119
87 167
75 108
188 137
129 47
23 195
122 104
88 29
145 131
103 64
91 156
160 63
166 91
160 139
2 41
123 108
56 108
75 162
86 192
30 98
188 90
187 167
193 3
16 154
145 65
127 84
171 123
X
68 46
169 189
93 192
175 103
8 123
28 170
116 12
98 164
107 17
195 2
90 42
70 72
101 130
86 196
33 17
45 44
63 155
120 67
109 132
181 27
191 165
5 25
164 5
87 164
194 78
6 184
54 107
48 7
26 47
182 92
84 140
13 70
121 186
158 15
78 16
117 167
25 127
71 87
91 107
63 177
156 15
X
48 108
123 105
179 31
22 140
106 19
78 98
123 121
127 67
122 162
X
171 106
148 132
95 52
105 26
3 41
155 85
64 163
170 41
17 78
31 49
97 157
52 124
98 173
169 176
25 15
127 86
164 82
74 86
154 71
95 158
168 39
147 67
177 62
47 55
146 149
30 94
104 123
52 167
121 120
78 27
111 187
75 165
97 54
147 190
43 62
43 85
24 129
105 49
50 114
161 174
X
190 18
74 125
47 54
89 149
110 169
164 6
12 151
24 15
94 64
152 20
136 132
X
124 13
5 98
175 97
154 180
123 10
176 194
51 84
152 171
138 109
155 11
88 8
105 152
17 9
92 89
10 28
2 133
194 183
33 154
155 38
189 80
138 112
96 67
151 95
111 76
121 107
157 9
147 164
69 132
33 56
92 40
193 97
63 182
42 116
92 197
141 16
63 160
172 161
75 137
69 194
42 17
X
68 194
69 40
113 9
97 80
122 74
110 101
105 97
31 170
153 93
110 57
164 161
89 57
167 46
83 48
X
15 115
X
102 70
45 67
187 65
150 76
87 18
70 8
96 19
67 116
30 91
162 174
14 67
141 162
170 179
28 134
160 121
121 75
71 132
63 158
157 1
153 86
175 131
4 71
X
39 142
11 180
8 72
26 120
86 28
30 163
10 114
44 135
117 39
34 26
126 131
130 161
94 30
167 4
40 164
86 124
147 130
X
106 74
97 84
64 45
160 130
5 191
29 188
49 168
37 91
68 120
120 132
111 175
55 67
175 139
163 74
39 145
191 57
64 192
132 126
168 102
53 115
102 107
32 163
160 52
33 161
21 5
195 5
X
85 154
152 95
55 145
43 166
84 137
44 43
34 184
25 46
13 176
8 147
118 163
179 72
90 104
21 147
49 194
132 170
46 66
174 28
124 145
89 54
28 13
26 83
145 30
112 187
166 171
36 169
108 73
45 5
101 61
16 191
13 179
93 65
76 146
91 1
161 133
105 154
86 142
181 121
81 34
95 140
149 90
154 92
56 120
141 147
129 4
8 120
40 124
182 104
95 67
85 101
76 161
73 125
192 31
34 194
143 39
169 32
110 32
107 72
188 91
103 182
29 163
160 110
189 106
127 9
185 77
164 74
49 6
132 113
155 14
3 183
79 74
49 7
51 127
176 155
76 33
78 38
143 58
X
163 78
27 94
175 162
45 107
13 53
106 143
31 66
129 51
88 145
30 195
95 137
20 17
141 59
18 118
168 33
70 60
167 178
151 166
33 50
121 80
103 72
18 156
102 7
90 103
57 194
189 65
42 62
170 123
43 135
X
130 188
21 154
13 76
158 49
79 4
138 95
146 166
41 77
56 106
148 168
182 138
194 87
104 92
81 59
125 60
189 143
68 60
81 129
86 191
16 93
156 63
79 159
7 165
161 85
41 31
180 92
X
85 19
35 32
196 96
190 75
139 184
51 146
26 185
41 181
145 22
44 77
55 70
178 30
20 166
192 143
74 128
X
77 109
160 78
172 28
42 123
103 127
168 133
133 132
105 187
170 65
1 25
131 153
135 132
85 105
27 76
189 22
4 139
74 65
153 181
28 174
135 72
183 25
38 185
166 183
172 39
53 3
50 192
18 119
110 139
66 121
32 91
183 107
121 192
39 143
66 116
54 115
167 189
129 192
182 109
56 170
161 120
87 109
32 94
56 165
63 6
134 21
155 5
192 189
106 17
130 1
44 96
51 35
124 68
124 180
19 18
182 101
76 46
X
112 36
13 45
8 60
144 188
177 20
X
187 151
98 90
29 109
59 162
56 5
100 151
147 22
X
42 41
87 34
28 146
90 169
143 40
71 92
81 90
128 191
53 47
89 155
23 6
156 154
110 112
27 168
148 146
49 158
21 153
96 79
180 72
118 193
104 91
185 151
110 141
57 62
45 157
189 192
23 42
72 146
132 168
71 74
134 168
13 128
7 30
76 34
107 192
77 119
47 104
42 37
66 31
179 82
41 145
149 67
123 74
33 29
171 33
87 35
40 87
152 165
130 154
126 45
183 180
15 27
161 93
150 158
124 132
161 172
43 50
149 6
91 92
8 13
173 195
129 165
20 148
98 51
99 158
50 55
54 163
174 155
190 101
79 179
57 83
64 96
148 55
33 163
159 153
X
X
161 110
159 38
X
190 119
67 133
44 70
100 18
35 75
109 84
173 141
142 123
104 111
25 150
21 62
151 170
110 130
94 42
91 64
90 177
24 42
81 77
181 186
24 27
94 192
93 24
192 18
37 173
37 171
137 15
181 30
38 124
64 159
28 124
X
196 95
169 191
70 46
55 119
173 142
74 4
30 66
25 148
165 115
X
39 31
47 120
142 83
X
143 33
13 47
54 44
52 164
23 194
183 184
157 10
112 179
X
188 100
73 63
157 195
56 136
148 58
142 40
49 15
38 147
160 107
70 20
58 139
68 44
160 61
24 127
53 14
120 161
101 108
36 185
110 160
82 44
108 161
29 33
177 78
89 176
107 124
28 46
X
107 86
65 71
10 89
X
34 147
22 138
88 98
152 21
51 50
X
132 165
186 155
134 77
X
87 189
34 145
176 109
65 177
15 69
81 143
110 84
16 152
132 169
115 51
86 21
119 70
87 95
16 106
162 15
158 123
96 100
38 44
108 39
7 87
34 51
28 141
13 12
79 158
7 16
151 176
169 50
171 38
12 80
157 8
21 100
152 16
62 145
183 155
54 40
147 36
111 100
29 104
33 187
133 150
104 97
3 139
3 185
27 173
175 197
85 161
12 89
117 10
140 13
93 108
64 35
32 155
108 77
145 40
137 95
162 194
176 146
180 48
X
41 147
54 78
159 104
9 46
166 153
135 70
163 109
2 25
68 180
109 77
53 35
104 174
170 182
54 109
178 155
127 113
165 118
23 40
92 54
191 18
70 48
122 109
18 123
11 176
X
54 136
34 110
100 5
135 171
X
135 130
89 1
5 58
36 149
76 174
134 42
104 110
162 127
36 17
192 170
150 115
123 171
53 36
71 4
76 176
130 2
188 151
120 11
89 7
96 54
77 105
107 120
58 138
112 147
61 188
131 109
67 137
54 110
74 147
158 5
161 134
79 178
143 42
128 35
150 17
37 147
76 83
108 19
81 33
111 134
14 116
53 140
190 102
X
60 1
191 179
118 91
21 6
105 189
103 164
148 21
92 138
76 92
120 146
197 182
155 42
51 44
66 72
155 192
34 103
71 148
176 172
X
195 130
180 3
187 139
12 142
181 124
131 65
182 3
116 51
107 179
70 56
101 28
6 27
127 52
169 18
129 46
182 5
180 186
80 142
21 17
23 83
62 147
154 89
140 12
38 114
141 121
28 47
27 45
19 169
124 98
40 76
33 155
178 58
162 167
110 132
171 10
104 179
126 68
68 177
178 60
103 49
24 121
71 104
179 30
184 196
171 20
55 73
49 54
91 197
162 12
172 179
74 99
7 171
61 15
33 49
183 192
124 91
126 70
25 51
133 148
169 188
62 58
64 114
72 135
126 172
41 95
126 8
125 91
148 181
64 94
6 140
126 35
142 197
143 57
4 174
146 40
41 112
144 33
112 33
7 26
56 6
68 175
5 178
X
65 104
32 186
66 177
59 160
193 93
163 75
168 119
131 110
133 56
158 30
122 85
3 141
55 18
91 130
102 106
112 101
55 195
31 190
49 153
112 175
145 134
15 76
139 41
121 187
177 141
28 52
105 25
69 70
106 64
56 68
84 142
44 10
6 186
91 184
88 35
159 42
150 185
50 80
128 99
70 36
141 57
51 20
143 184
80 58
X
18 165
26 16
45 133
159 31
176 134
53 90
147 150
141 194
38 43
147 54
96 97
X
33 6
12 175
166 85
192 186
55 75
12 105
44 165
34 76
86 72
113 147
12 76
173 65
122 154
42 74
X
8 46
4 148
X
X
119 140
167 195
6 30
113 100
195 183
18 169
169 49
156 105
171 181
144 118
21 104
70 17
19 9
75 150
14 119
X
91 2
35 31
168 41
102 98
144 180
172 53
144 181
68 139
90 192
176 132
51 136
133 115
71 149
145 20
162 11
25 45
71 71
130 70
173 197
19 19
172 31
6 51
63 48
169 28
157 70
51 22
138 108
174 27
41 44
191 59
50 125
104 38
57 22
134 73
20 119
49 40
120 122
107 190
148 149
124 56
92 118
187 92
81 28
100 173
148 170
27 53
25 151
195 143
160 18
159 21
112 39
159 154
X
176 130
52 20
169 102
19 5
124 60
72 185
133 112
159 18
58 135
44 179
111 170
180 124
62 127
X
150 75
96 14
149 162
106 76
116 178
179 109
152 56
105 73
87 157
189 39
55 21
X
152 184
7 25
131 41
124 80
145 59
135 144
8 30
41 49
86 120
152 37
130 183
130 4
154 142
109 133
175 172
193 174
47 3
33 63
72 139
18 134
76 87
126 91
66 106
113 98
X
29 41
67 121
145 67
118 184
70 164
150 21
177 93
106 14
60 86
158 32
84 136
27 170
155 101
X
145 17
134 72
162 82
166 178
23 32
143 123
51 33
8 73
43 77
171 61
24 139
36 50
33 105
37 87
154 135
93 181
150 116
96 32
64 77
68 102
167 27
38 69
X
88 112
171 53
128 188
85 83
47 110
134 171
X
25 185
143 143
24 68
17 121
45 86
193 96
X
165 88
45 110
129 1
113 150
172 109
179 106
118 24
86 9
10 153
111 34
137 11
29 119
148 90
23 21
131 58
82 88
42 158
114 12
65 35
149 31
91 158
195 113
48 50
156 8
3 176
179 122
3 161
107 35
185 136
28 28
55 100
98 19
90 197
189 141
86 27
152 51
192 35
52 80
90 123
106 62
140 153
53 86
87 83
8 149
26 181
99 25
38 192
X
174 77
187 141
157 57
126 51
85 68
55 113
41 142
104 131
71 91
31 192
16 46
92 177
3 186
5 182
140 16
63 35
116 140
39 144
41 164
44 133
120 143
175 107
146 21
7 10
28 76
12 133
83 74
129 159
157 14
174 156
28 15
53 120
X
180 94
134 20
156 62
164 169
88 121
84 68
130 181
49 4
166 104
181 184
105 192
5 123
7 104
54 67
104 144
59 129
102 91
120 140
113 179
164 170
189 172
4 91
X
2 193
106 38
95 24
49 188
139 176
90 112
7 110
112 34
124 129
193 144
117 184
57 33
183 181
77 80
153 29
124 97
89 123
51 32
165 197
52 150
132 155
108 74
142 37
72 186
48 110
97 15
158 129
152 43
37 51
40 165
75 119
34 107
99 88
180 77
193 48
57 109
4 76
37 169
185 143
191 193
100 195
171 119
36 175
51 158
80 32
95 64
180 90
69 56
167 87
140 162
168 61
13 11
138 75
16 89
4 152
146 52
63 180
X
14 115
68 191
103 50
110 188
182 190
176 92
194 186
87 147
155 194
38 31
104 24
118 68
172 51
34 146
73 194
X
41 156
16 177
145 191
177 117
140 72
68 115
86 143
182 91
173 160
11 2
57 192
53 191
143 64
110 147
X
104 142
53 6
54 75
128 63
74 97
12 90
75 63
4 40
157 136
56 192
38 37
57 21
187 169
39 128
X
15 72
174 53
10 27
148 64
128 192
34 109
191 87
40 162
150 95
20 63
112 110
56 78
44 115
160 190
160 51
86 59
4 176
95 14
45 82
85 73
28 16
83 164
11 4
136 77
20 188
112 111
23 33
187 22
8 52
180 119
139 91
38 144
33 186
88 154
99 157
117 144
61 4
85 143
88 168
X
184 142
120 130
18 174
169 144
X
77 55
160 8
22 36
122 28
24 141
183 39
168 123
28 116
129 91
160 120
53 192
X
14 118
31 125
120 41
133 160
97 156
X
92 51
194 32
125 58
154 101
12 141
179 92
85 141
103 158
34 188
55 15
72 6
111 190
178 123
159 94
20 104
148 103
107 181
157 135
74 188
77 14
28 121
193 115
86 125
33 182
80 29
175 161
X
17 125
103 125
182 93
10 47
74 166
121 78
103 106
166 134
78 54
158 101
43 124
105 64
102 72
33 181
173 12
147 159
183 106
132 110
131 192
173 6
X
155 195
194 50
177 28
98 108
14 108
130 31
56 75
65 169
116 163
65 156
30 29
48 163
118 85
12 69
138 89
75 180
124 130
79 31
172 27
195 179
163 117
85 33
52 120
191 2
82 4
39 70
21 24
110 162
56 87
77 45
X
55 5
41 4
139 105
55 180
134 146
49 86
189 174
109 73
138 11
37 56
98 8
113 175
84 86
129 179
140 181
97 82
50 190
X
29 6
135 138
194 97
181 71
127 175
8 58
139 94
158 153
41 17
119 145
3 140
74 139
57 89
33 153
89 170
75 160
55 166
75 86
88 56
23 193
62 190
179 19
175 6
128 85
14 117
154 93
22 68
166 158
148 68
29 121
49 104
121 194
61 192
183 35
135 128
179 61
132 131
X
48 5
110 17
15 42
176 16
91 121
X
148 102
168 120
130 69
100 24
98 134
172 47
145 118
89 33
54 170
52 114
25 141
165 74
18 135
X
67 162
39 16
190 116
59 62
54 47
179 53
X
191 48
83 46
122 56
44 75
4 75
125 23
60 158
11 89
125 51
177 76
22 139
57 58
56 113
192 40
109 187
141 82
169 183
147 38
134 188
9 131
122 111
49 3
73 65
22 87
168 40
112 132
71 135
79 49
175 160
57 120
191 37
149 89
125 109
184 151
X
106 50
14 140
43 44
144 102
X
157 133
195 145
151 134
192 12
51 80
32 108
46 2
31 120
79 16
80 60
189 104
158 29
188 36
172 50
79 75
30 73
108 34
9 26
25 12
142 52
127 174
178 72
192 22
135 22
X
91 111
24 65
40 169
75 175
182 35
136 72
152 31
186 154
152 55
42 181
130 153
68 193
41 83
55 182
110 157
163 107
52 163
52 153
79 161
166 161
X
27 49
126 100
85 27
107 84
129 164
62 61
165 181
44 94
91 22
185 165
141 150
109 100
22 150
96 63
190 104
24 124
111 99
158 33
71 36
109 190
88 32
101 195
31 160
165 177
34 66
138 98
182 90
187 170
79 36
135 119
162 195
172 178
105 31
151 43
88 54
137 174
87 146
138 103
159 120
109 159
103 161
135 113
170 91
130 192
106 31
3 130
178 170
65 3
66 6
104 106
46 68
138 44
106 15
69 138
66 181
169 196
118 144
109 118
183 49
151 180
48 106
38 169
155 144
X
169 146
12 146
160 29
28 128
34 49
160 60
88 123
8 102
108 157
97 194
154 176
155 68
26 169
42 120
176 95
168 161
120 15
81 86
177 194
138 119
55 23
140 70
X
122 129
98 193
57 140
X
125 67
51 24
161 84
96 64
172 46
124 183
91 193
24 165
39 112
12 149
97 50
113 27
102 134
111 118
24 136
71 6
59 89
4 95
170 177
107 15
95 54
X
113 10
17 123
31 53
6 139
66 155
53 27
29 94
102 71
181 96
63 51
27 114
70 50
22 152
42 19
187 18
121 124
22 28
68 20
64 144
162 121
30 194
97 100
7 62
179 48
137 173
39 15
186 105
179 60
12 36
100 149
86 161
179 83
135 10
125 47
39 91
68 116
12 2
132 127
98 113
13 133
101 63
138 180
151 18
74 89
21 155
X
101 92
186 103
29 108
4 163
194 56
42 66
146 114
131 165
161 189
170 133
9 11
49 89
191 178
97 19
192 86
60 59
40 37
67 171
50 151
24 123
194 80
152 164
117 8
X
167 182
159 49
23 34
133 165
X
43 156
34 73
125 176
193 175
123 104
138 42
56 36
147 184
188 41
137 103
166 6
140 160
56 84
59 156
75 1
38 28
20 36
148 165
42 63
137 14
137 148
8 110
169 65
91 133
31 97
168 53
170 89
173 138
112 113
76 189
180 117
80 125
16 68
56 88
143 59
143 189
79 177
20 187
81 56
42 136
148 164
163 118
126 109
121 149
101 149
60 83
X
120 184
158 139
X
13 181
179 104
X
28 74
X
64 190
51 173
149 75
145 116
157 101
18 175
9 84
170 110
X
62 15
49 42
169 106
188 175
161 31
78 37
147 93
72 126
105 36
187 88
X
141 45
7 98
14 193
192 41
12 67
128 100
79 29
92 113
112 176
87 33
147 75
66 12
4 93
X
61 146
22 16
104 147
160 19
39 171
111 149
5 186
57 24
179 58
101 5
175 78
122 10
175 7
102 108
113 139
55 163
184 137
76 81
23 7
51 135
104 68
8 104
74 31
131 38
65 103
139 156
183 142
109 169
124 70
43 181
122 124
119 153
180 195
10 147
70 93
45 9
196 183
81 2
181 194
31 95
134 98
23 165
13 51
65 115
140 180
40 77
132 56
177 109
20 118
45 123
20 21
76 160
194 60
177 95
78 49
X
146 144
42 160
194 82
172 192
66 73
154 137
110 167
143 55
131 111
79 28
103 163
172 32
21 68
100 91
138 9
38 115
67 49
45 62
X
62 159
51 30
143 36
69 105
59 6
154 43
88 70
124 69
171 183
78 81
175 109
158 63
16 73
15 89
149 28
165 158
53 41
138 156
130 71
79 136
29 107
31 103
122 25
120 191
53 5
93 67
97 83
99 130
103 123
177 132
154 104
28 72
105 188
93 184
X
66 1
45 137
90 182
61 13
23 185
70 86
89 101
12 132
76 39
27 96
174 138
120 39
13 24
53 188
169 139
102 68
166 167
170 28
92 133
162 93
13 177
84 138
92 137
5 75
104 59
65 11
36 147
77 150
X
5 190
100 28
166 88
85 155
53 30
112 189
40 128
X
159 169
183 177
84 17
13 80
49 155
22 141
151 30
18 152
43 48
162 115
65 171
88 113
158 31
40 112
126 182
141 163
43 40
154 136
16 44
85 84
118 90
9 114
179 69
121 108
25 129
14 130
63 31
163 169
167 31
173 28
46 123
59 83
137 110
56 79
74 28
91 122
164 85
61 5
137 177
120 133
35 49
78 100
168 159
67 16
150 118
107 123
89 154
50 157
135 150
157 105
159 8
111 130
145 196
145 115
28 26
188 76
71 189
192 144
71 88
65 182
152 39
X
83 90
56 59
176 79
39 192
102 19
64 71
161 77
109 15
68 45
X
122 133
139 174
169 51
45 108
102 97
136 167
43 158
119 154
55 188
41 27
52 144
152 18
159 13
86 8
15 190
35 103
117 40
165 90
25 40
6 154
146 165
11 92
104 107
69 49
155 176
31 54
104 152
169 30
102 60
49 27
189 79
195 3
105 57
188 117
43 82
65 19
117 95
48 158
72 152
139 152
54 24
95 25
104 72
49 30
29 160
86 141
111 110
46 85
38 68
152 176
140 15
13 88
34 63
100 164
110 31
54 164
146 76
158 8
85 99
17 7
34 77
176 17
138 91
128 154
9 103
51 23
189 167
123 90
131 42
179 119
X
98 159
132 191
55 168
83 138
145 68
62 163
12 139
32 17
190 195
35 153
98 53
176 138
147 52
168 176
48 166
79 73
44 47
73 166
13 54
92 189
28 27
13 135
167 86
82 141
145 36
13 89
44 181
88 94
53 138
53 181
141 120
139 100
162 152
41 123
X
190 49
55 52
187 171
86 17
33 125
31 51
175 154
24 151
53 179
63 116
34 189
83 86
136 127
56 73
170 134
190 78
192 177
131 114
69 93
29 190
183 103
121 41
191 60
59 4
162 124
139 74
51 124
57 193
191 78
41 98
122 31
15 176
156 61
X
194 88
167 179
190 120
73 192
39 196
102 92
X
107 60
16 155
70 91
46 65
105 47
X
134 39
16 179
127 11
38 38
71 89
6 50
128 4
190 68
37 77
4 72
193 176
124 108
179 51
161 138
177 81
X
171 19
56 163
160 194
6 49
143 82
126 97
127 120
59 158
72 67
140 152
71 162
10 48
105 190
152 22
190 77
157 72
49 195
137 13
84 19
137 98
123 172
66 4
143 31
139 9
55 7
177 196
167 161
125 170
137 70
130 163
109 131
78 129
160 93
149 65
162 39
137 140
19 156
160 31
27 85
37 73
160 9
12 147
117 41
108 123
148 162
67 163
159 78
110 177
178 124
84 74
25 147
171 26
112 188
56 20
164 159
164 57
151 90
32 103
10 154
144 194
91 89
122 29
79 137
151 40
31 119
56 70
35 17
84 29
47 48
90 53
11 78
X
159 171
70 76
172 30
44 155
1 39
X
38 183
51 139
34 186
29 26
42 40
24 120
150 9
78 48
110 18
182 181
32 170
15 26
142 150
139 162
195 129
156 10
91 180
128 50
28 127
94 195
134 22
21 156
92 69
73 148
136 18
86 7
141 91
63 8
72 91
170 60
125 113
182 186
158 127
100 191
111 31
80 54
124 74
140 164
83 88
112 98
184 136
141 176
162 169
157 120
44 49
146 145
93 138
158 124
114 95
26 123
193 183
90 147
169 194
138 96
100 19
93 64
108 84
72 187
23 60
180 39
121 74
170 31
120 147
141 123
53 18
128 183
8 75
186 171
181 102
52 18
20 186
95 79
124 85
129 90
163 96
33 192
122 86
95 159
11 36
88 101
188 118
136 150
X
X
145 143
80 36
181 123
97 33
135 175
92 64
129 49
51 18
53 173
135 173
59 130
77 107
62 177
160 13
88 189
141 122
172 52
119 152
182 106
13 44
174 32
143 81
52 115
35 184
44 37
191 174
145 18
65 72
169 19
99 195
2 21
193 129
147 88
105 162
17 72
39 147
51 194
85 71
70 16
26 194
137 102
52 27
13 192
192 9
68 119
29 110
4 74
176 168
149 78
25 86
X
169 29
95 69
9 6
25 134
157 193
124 99
24 117
28 149
70 135
86 154
13 190
5 172
33 54
10 88
134 148
136 129
115 179
111 101
36 54
182 52
155 49
X
36 144
86 56
106 192
103 27
191 56
6 141
140 89
38 42
148 114
12 108
98 174
57 78
66 14
193 21
27 171
100 172
40 31
71 152
103 24
104 133
139 82
106 32
166 169
94 31
48 156
182 118
96 167
86 195
32 49
74 57
146 150
72 189
194 46
49 2
111 147
27 134
124 84
182 48
80 77
189 128
123 26
27 12
152 88
27 119
98 52
6 133
99 134
152 91
X
28 125
33 51
103 97
32 19
159 52
158 37
125 35
21 83
71 150
42 124
124 109
79 32
175 134
59 85
119 58
117 70
141 75
89 158
107 180
110 161
132 192
120 126
8 16
91 110
10 11
10 52
41 29
176 197
75 121
165 180
139 45
X
126 4
120 149
21 150
74 157
158 104
195 115
28 49
42 50
X
85 58
180 30
188 14
141 95
117 7
172 180
X
24 87
132 128
138 182
141 52
160 50
148 158
14 40
30 148
68 35
70 126
X
34 124
131 52
11 69
150 90
187 20
44 46
167 197
175 105
134 190
186 104
X
132 98
74 3
104 99
40 74
75 106
192 115
36 105
120 195
106 127
178 62
157 124
140 14
97 110
103 111
154 102
183 183
155 84
179 184
107 58
166 101
56 139
2 176
80 143
98 54
31 127
171 188
X
107 39
46 62
X
106 63
87 56
6 185
25 195
67 132
78 146
73 67
45 134
18 188
49 16
50 150
81 54
77 187
X
19 151
34 18
41 193
72 88
24 116
115 53
104 37
125 179
X
140 83
110 158
90 173
94 41
172 6
162 153
95 23
X
108 55
40 161
140 9
104 47
184 195
45 135
88 69
63 115
78 83
128 189
192 52
30 63
124 71
81 4
124 10
12 152
118 80
40 148
12 176
75 6
99 24
12 181
68 36
179 54
136 75
99 176
54 68
37 54
98 156
107 59
94 194
183 30
167 177
28 150
153 95
X
162 38
46 40
48 169
158 2
171 18
182 177
18 121
188 92
71 102
X
145 197
111 132
54 147
159 103
188 78
144 143
33 96
117 11
23 15
108 171
25 83
27 127
171 75
5 133
34 181
5 100
178 5
53 102
108 59
188 152
X
125 120
171 120
171 8
171 28
168 121
108 167
43 183
79 76
108 170
10 110
48 167
159 156
74 34
55 55
66 16
173 53
54 108
148 77
190 168
41 86
30 74
67 114
17 179
97 112
69 73
148 9
121 104
85 21
77 121
X
67 172
X
121 144
6 60
145 145
43 94
49 166
166 159
173 26
151 88
4 132
98 92
182 179
181 72
8 151
82 73
80 14
13 188
88 109
13 13
125 122
X
18 125
99 110
136 141
159 127
53 44
17 26
31 109
49 191
151 39
108 127
X
144 54
88 97
64 145
4 146
126 23
159 170
46 41
153 28
X
4 41
119 26
36 49
193 29
155 190
X
77 174
X
112 133
159 139
183 143
141 9
194 49
154 82
114 90
54 55
95 85
67 20
157 137
154 143
161 95
X
105 99
128 36
40 27
16 104
59 128
85 82
73 185
20 5
4 94
169 197
98 32
129 26
63 11
144 120
188 160
88 158
190 46
64 51
128 3
179 185
106 162
90 183
90 184
78 107
111 98
51 176
15 189
116 89
161 18
134 38
66 5
X
125 39
184 190
56 179
97 30
X
113 26
139 99
97 167
191 58
147 7
110 85
64 155
186 88
103 25
X
X
67 158
140 155
88 10
135 122
X
128 47
189 126
91 40
144 123
90 190
80 46
51 137
98 50
41 125
119 47
6 147
31 7
7 167
121 15
53 175
67 40
191 10
114 24
9 50
169 100
180 76
22 135
63 47
41 47
109 99
71 138
186 66
179 50
187 158
52 86
30 105
3 179
107 19
121 40
70 3
6 48
70 19
88 170
X
147 148
126 14
123 175
147 37
77 120
106 47
130 27
40 70
168 160
53 32
67 160
50 113
52 171
60 155
13 102
54 126
100 176
147 19
X
X
121 162
2 192
66 13
90 109
119 108
52 166
170 26
148 133
80 16
12 179
55 179
185 73
70 128
66 3
131 39
75 64
109 31
16 90
72 66
171 76
6 23
29 116
64 116
X
137 150
74 80
146 117
X
138 181
178 133
53 194
134 24
41 180
74 189
22 60
75 139
195 97
153 52
121 133
29 137
137 119
191 52
24 181
96 164
157 145
147 114
41 162
86 101
151 181
171 11
17 8
181 179
151 37
52 78
172 65
136 119
X
X
191 118
109 157
131 40
93 109
57 191
126 121
X
78 102
170 138
5 27
142 184
34 152
78 56
9 88
187 68
69 36
57 85
X
177 108
126 50
137 176
49 47
78 46
96 166
125 183
76 1
101 190
134 192
34 138
34 123
93 25
97 12
169 103
163 155
32 51
147 182
84 164
19 6
38 53
162 190
171 9
144 57
54 173
20 121
12 5
101 17
5 60
89 105
41 30
171 72
37 74
1 92
30 121
5 192
137 145
25 121
142 42
73 188
87 19
162 192
111 113
175 11
110 189
74 98
16 174
38 51
127 50
127 39
70 44
55 181
26 79
180 190
1 161
103 92
183 190
128 180
75 135
99 167
142 143
112 138
162 40
5 26
125 52
73 190
119 191
119 186
135 24
20 124
55 174
X
109 167
145 19
90 196
X
27 139
197 57
193 59
5 71
98 165
31 106
70 70
147 170
137 149
166 60
75 161
38 39
3 43
195 128
193 186
40 29
170 51
124 121
146 120
99 26
54 20
154 70
120 148
46 82
106 39
124 100
191 39
175 8
102 172
142 30
193 180
52 147
41 50
177 72
124 87
173 33
42 10
120 60
94 89
191 187
30 27
138 18
94 193
93 107
20 32
158 121
X
128 97
123 173
16 91
48 104
105 161
23 134
134 104
195 119
165 116
110 55
73 163
53 21
179 183
177 70
101 62
192 39
74 161
155 196
197 181
144 197
52 24
51 43
30 193
16 71
142 104
48 154
66 180
81 89
103 141
91 182
125 89
46 64
188 89
106 124
29 76
194 48
116 67
138 92
161 168
113 8
151 177
42 119
129 67
33 195
100 148
188 119
53 195
166 154
160 106
166 102
5 121
42 86
74 158
125 145
160 62
55 41
90 1
191 172
143 119
152 17
93 194
75 7
172 29
128 67
5 149
35 135
27 125
175 194
194 31
33 30
62 1
133 38
X
87 30
134 100
79 77
26 193
63 147
150 181
139 11
52 139
13 52
169 48
162 123
142 119
156 142
X
83 68
52 14
157 144
157 138
134 54
88 122
40 172
123 23
12 3
13 55
183 123
121 193
196 60
57 79
126 10
179 154
137 138
65 121
190 118
23 5
169 141
116 49
106 140
79 180
164 172
105 181
86 109
50 40
69 7
5 117
52 135
142 105
45 7
44 163
159 124
82 72
128 98
29 118
103 159
X
114 178
109 110
16 42
70 59
169 38
86 190
196 93
55 110
28 81
153 84
12 104
12 73
X
6 171
31 52
192 178
112 118
51 78
173 192
50 30
34 136
22 9
75 177
189 194
64 93
117 80
X
11 178
138 70
186 172
26 51
67 136
X
44 180
125 12
158 60
69 16
110 118
86 93
177 94
170 143
94 189
46 36
59 7
7 52
150 161
54 157
X
151 16
29 186
189 160
151 164
87 99
30 32
60 61
120 193
23 191
139 76
161 38
44 166
102 88
171 51
34 54
30 190
124 89
89 147
194 90
10 84
165 56
155 3
168 72
94 191
57 181
122 23
131 50
X
126 39
27 51
108 110
X
X
188 39
14 69
139 104
31 195
76 45
76 105
86 102
12 74
87 119
61 175
162 130
196 32
174 76
146 191
108 118
95 53
17 122
144 119
144 59
77 15
81 125
41 6
18 115
X
61 155
141 180
51 187
X
195 32
156 5
190 74
172 107
34 144
56 137
80 13
137 9
189 157
104 109
111 122
87 155
114 89
132 115
186 67
165 89
32 195
4 21
38 194
24 138
45 39
69 71
62 175
28 12
70 165
40 86
103 68
19 63
128 24
114 163
16 67
11 166
X
119 28
77 145
26 117
127 124
65 50
193 32
25 114
169 59
139 154
48 2
191 166
94 197
147 40
75 147
165 174
116 68
6 12
143 29
128 190
96 69
181 69
115 91
92 175
134 126
87 163
13 25
70 121
93 119
119 184
110 14
163 93
141 197
74 159
31 105
9 100
72 125
118 140
36 55
61 176
120 37
96 85
134 74
158 56
132 154
169 192
159 174
104 172
X
93 183
149 93
120 144
136 144
143 52
132 99
114 164
7 27
7 174
26 87
139 177
143 180
101 192
151 29
5 151
41 5
36 139
116 177
14 133
7 168
71 134
159 133
81 141
36 106
26 53
51 147
56 62
77 39
102 152
195 57
49 17
100 111
191 90
61 128
63 145
178 37
37 135
107 70
125 75
40 194
114 91
124 133
126 179
142 39
75 131
159 63
104 32
114 167
64 3
14 128
52 155
X
182 124
118 192
90 7
137 104
6 138
149 8
16 107
65 168
156 176
137 171
115 175
16 175
168 48
87 197
99 172
115 24
169 138
71 103
133 103
179 79
105 144
88 110
177 170
189 14
54 32
120 131
29 138
139 98
66 15
125 100
80 56
47 9
46 69
54 106
193 194
41 97
20 153
X
84 98
15 24
110 98
124 67
146 119
89 3
50 47
14 93
50 164
78 51
X
X
186 167
179 62
142 103
172 33
120 56
177 58
58 61
6 62
172 106
136 146
46 119
69 4
167 190
29 40
13 56
137 20
146 118
53 171
88 7
45 2
79 30
100 16
148 18
25 41
29 120
104 164
121 158
61 177
126 170
134 23
141 175
2 93
36 110
62 35
102 175
170 87
94 67
151 6
70 102
152 19
153 179
127 13
50 158
25 165
141 146
15 133
161 195
66 35
131 159
52 126
121 126
122 132
54 195
110 59
167 183
66 158
37 138
33 95
187 165
165 179
83 45
136 170
155 180
148 56
64 191
13 10
21 9
17 174
97 97
12 15
4 154
91 62
163 108
134 101
135 140
25 125
107 187
58 140
98 5
175 170
105 180
171 12
X
146 77
53 127
127 111
32 8
132 159
121 109
106 59
35 152
183 50
47 10
184 28
X
81 45
82 86
155 2
195 116
71 147
190 171
105 179
69 168
74 96
X
166 173
56 155
69 46
26 139
123 106
168 181
42 135
192 29
172 146
174 158
83 2
78 126
172 38
97 69
61 14
101 111
6 131
144 184
51 74
24 81
158 137
187 138
54 139
118 95
103 160
85 95
178 95
10 128
10 30
128 68
53 113
22 147
162 155
153 180
85 35
X
156 13
55 40
X
162 78
7 73
141 90
103 151
121 140
117 38
97 190
27 97
13 93
139 173
197 180
163 95
178 16
91 189
192 158
93 62
133 163
78 47
134 76
138 171
166 152
61 129
135 177
26 165
122 11
48 170
106 73
104 134
106 49
51 141
106 142
162 37
17 27
78 127
87 192
128 179
66 37
144 103
147 188
130 3
138 20
152 50
120 121
82 138
143 83
110 176
90 105
72 64
195 118
133 130
85 34
187 90
126 71
147 92
74 33
26 184
53 174
46 84
X
98 111
28 40
61 179
67 169
126 132
131 115
164 154
180 50
183 109
23 167
144 106
124 86
152 169
75 163
132 109
96 81
121 142
18 73
80 12
51 138
191 8
118 195
161 21
176 62
4 133
108 124
125 77
112 142
193 127
192 145
70 166
131 156
67 134
32 152
114 86
49 18
51 36
X
160 36
73 138
45 106
141 10
55 120
7 71
115 167
59 58
116 10
168 188
43 155
178 92
98 31
88 197
100 152
56 24
145 106
155 12
33 53
127 89
86 197
65 48
148 93
127 45
86 122
119 37
133 128
28 41
96 12
147 158
108 113
10 6
167 188
113 12
112 35
91 118
161 116
25 49
149 94
4 130
170 121
193 22
44 124
98 172
126 3
9 30
8 71
56 153
4 184
149 30
121 121
171 7
107 13
187 157
78 105
118 84
144 150
121 13
5 193
73 162
56 187
75 179
42 44
107 69
122 110
120 151
18 189
122 130
11 84
173 20
39 17
141 161
13 26
159 40
169 20
94 190
99 153
103 149
72 127
X
147 102
X
101 172
14 24
X
7 46
X
29 189
29 5
118 39
81 44
12 154
11 168
182 122
67 72
84 95
96 50
177 168
92 176
146 53
142 36
94 85
117 6
130 28
57 187
138 152
X
31 153
93 80
74 160
152 54
38 67
X
35 77
123 154
35 54
169 53
93 83
163 94
140 184
56 67
140 11
177 27
190 66
158 135
192 78
149 66
91 120
172 26
39 116
125 36
189 8
24 19
24 119
17 51
77 122
178 18
70 57
164 56
120 9
X
136 16
66 179
147 89
149 166
103 180
167 91
71 37
123 113
183 53
3 163
121 76
39 146
60 163
6 58
192 90
187 104
X
190 50
178 69
X
27 73
167 192
51 115
125 133
137 113
159 130
119 187
53 190
158 194
173 146
105 56
91 155
4 164
17 156
22 101
35 56
146 106
56 158
25 52
108 111
16 178
X
71 90
24 25
15 77
67 138
81 27
138 105
32 5
106 75
X
X
130 159
180 83
22 137
41 46
33 55
X
77 12
180 180
X
158 57
6 104
63 50
103 176
152 92
142 194
X
118 43
X
111 167
28 129
63 130
120 70
43 74
38 112
40 116
125 86
186 65
89 109
138 94
169 181
136 71
76 88
155 10
128 37
28 171
105 127
X
78 150
37 181
171 138
92 93
169 178
187 143
155 1
136 70
23 86
X
134 56
131 188
102 99
26 195
43 126
165 6
137 96
176 58
146 36
86 158
38 126
51 47
174 162
132 188
69 75
195 59
50 195
11 154
25 68
151 165
93 113
6 25
102 173
190 51
5 141
126 28
22 26
48 171
161 42
139 96
63 179
122 60
97 16
139 103
X
87 82
191 22
99 149
42 113
84 20
66 7
125 76
188 73
87 27
21 87
127 176
32 64
X
X
104 33
22 17
20 35
133 146
30 28
163 116
118 86
167 61
152 133
143 43
156 122
73 56
82 49
49 10
38 62
163 152
177 18
126 174
41 183
6 183
125 147
62 95
55 77
79 125
52 176
177 102
116 8
138 122
141 14
20 102
83 77
171 48
40 173
2 39
127 23
177 142
70 18
89 4
101 191
186 106
135 126
183 154
53 4
181 117
21 8
128 39
31 107
109 86
46 38
55 146
192 174
52 102
167 26
62 130
73 86
142 180
186 90
55 78
145 33
81 3
13 74
102 18
6 22
66 17
X
152 183
85 164
177 83
14 129
51 167
X
140 183
31 50
172 188
50 78
13 38
170 21
61 180
119 25
74 60
77 157
X
84 72
13 73
75 66
21 152
130 191
7 75
53 176
195 142
4 162
160 137
16 51
143 41
31 147
11 149
98 100
189 165
X
51 120
X
53 7
4 147
150 16
193 187
121 154
182 94
181 196
18 176
143 145
97 107
64 8
14 48
18 186
X
133 42
132 156
103 47
93 129
170 72
175 169
169 62
97 113
X
148 131
30 33
126 24
177 140
56 83
110 15
148 166
X
136 91
183 27
31 123
84 102
X
158 130
133 164
13 36
144 31
27 129
141 70
52 55
6 102
90 154
92 112
53 137
X
87 72
177 143
169 140
26 40
104 35
106 182
125 84
192 30
167 33
74 136
103 147
180 155
X
172 162
194 86
129 23
77 59
54 5
31 116
166 56
115 48
77 98
1 43
55 136
161 83
9 154
54 36
X
68 192
81 32
77 51
66 178
176 157
52 195
156 57
141 164
X
173 162
49 193
114 92
109 148
146 123
118 51
31 152
42 70
53 180
163 106
X
X
121 42
29 139
50 88
135 20
127 123
104 49
103 60
134 71
193 20
113 11
171 21
123 133
102 6
68 134
109 163
60 127
X
190 178
130 23
143 150
134 132
54 179
132 63
X
X
79 2
75 109
98 189
179 2
11 177
86 104
44 86
121 38
126 48
107 88
72 162
60 84
129 65
113 99
57 182
64 5
54 118
165 117
50 77
56 195
81 47
31 28
160 169
98 167
15 25
134 57
84 89
15 188
128 31
17 67
77 32
72 150
56 86
192 10
52 88
179 70
81 46
10 113
X
66 75
68 176
189 130
160 167
127 10
128 38
157 194
130 64
45 156
138 164
179 81
131 112
178 154
168 122
11 142
60 88
127 35
154 146
X
X
23 166
19 61
162 74
8 98
159 95
66 36
66 11
1 95
X
5 173
87 59
90 54
X
105 164
36 148
62 188
59 3
147 64
142 183
24 47
98 107
133 105
183 31
1 40
86 10
78 109
84 161
162 41
58 89
159 76
43 133
105 55
191 77
X
164 59
62 97
155 53
195 186
106 55
121 59
3 133
116 53
64 73
167 194
165 76
17 191
X
129 188
32 160
178 27
X
9 102
24 12
31 33
62 6
75 174
21 28
X
194 146
143 146
71 93
53 70
194 89
27 84
147 143
11 67
130 68
182 50
23 141
21 86
74 163
195 60
169 135
X
188 106
93 82
69 5
64 74
16 24
55 42
169 110
151 41
107 121
156 156
12 85
36 145
138 110
X
142 94
170 74
64 121
99 113
56 85
41 116
131 55
173 62
142 145
175 9
172 41
117 91
175 133
124 113
16 119
42 5
183 186
8 77
X
93 112
183 136
92 139
33 91
143 96
19 119
16 103
64 49
77 83
134 105
11 88
145 57
177 172
24 83
101 19
89 59
102 131
28 43
178 131
41 70
6 153
190 115
177 145
X
136 131
94 79
15 119
84 105
160 127
52 168
7 173
52 157
181 181
187 160
183 104
156 153
193 146
112 186
63 114
49 8
60 87
149 169
93 23
138 41
147 166
179 158
108 121
58 59
79 1
32 185
134 75
172 176
141 55
184 141
44 95
8 26
141 119
192 130
117 42
40 69
64 143
34 27
31 154
74 162
106 187
150 77
102 176
15 79
126 119
29 103
157 139
7 58
27 136
X
75 185
76 32
X
175 91
100 150
29 150
84 88
126 46
159 167
X
53 23
120 158
1 162
94 81
38 30
21 60
177 32
11 9
17 169
171 192
193 192
52 101
156 123
126 2
34 106
32 89
41 143
189 73
64 72
39 65
147 91
83 49
163 82
63 192
91 173
192 181
10 26
146 122
51 55
159 101
122 125
130 189
56 152
89 2
X
159 173
3 184
56 190
19 8
4 119
36 109
194 178
93 131
14 139
160 133
21 102
55 108
96 66
64 15
23 18
116 143
102 89
7 146
44 6
11 91
193 178
77 57
117 25
76 89
164 171
61 156
173 188
188 68
X
56 110
79 122
193 82
37 49
85 81
74 30
X
69 131
190 14
88 9
6 26
51 119
13 40
55 114
179 29
43 87
138 22
37 89
4 190
35 105
191 170
70 75
92 53
125 37
191 188
71 139
93 89
102 8
20 116
167 100
X
157 3
52 158
X
101 12
7 48
176 117
66 49
147 94
7 88
194 93
100 175
7 117
128 23
188 67
65 49
167 181
160 53
17 124
151 169
10 142
132 171
37 144
14 72
86 194
151 168
109 113
33 52
79 12
183 196
50 171
161 86
53 154
158 110
113 149
63 162
52 117
65 36
24 46
139 81
133 126
9 168
23 183
49 109
X
90 43
28 98
139 101
64 2
105 160
156 120
167 60
152 57
179 17
83 82
127 109
90 145
35 185
173 18
17 74
120 145
X
185 138
6 137
81 49
190 73
35 144
4 118
92 182
114 85
190 156
179 27
88 4
84 73
98 33
41 91
67 33
65 1
31 87
X
34 64
39 173
83 71
X
90 148
158 18
15 132
88 167
136 103
155 193
65 117
110 163
191 177
114 166
150 160
18 74
38 29
130 45
193 18
X
130 29
153 54
181 5
194 180
41 179
34 148
41 7
78 174
133 111
157 69
40 115
184 37
160 14
1 179
87 158
189 195
111 73
56 182
121 10
137 154
143 102
159 93
183 102
49 14
17 52
137 114
78 80
154 144
194 113
50 27
126 125
167 180
33 123
161 29
189 178
80 129
24 115
148 143
30 170
103 153
76 31
109 171
13 193
174 31
X
151 136
166 4
9 2
51 40
14 142
127 119
177 96
X
123 56
185 74
129 162
124 31
69 103
154 145
30 5
130 179
112 120
187 168
162 120
65 31
114 175
107 68
152 28
79 3
159 105
X
54 113
104 31
X
111 179
23 68
164 4
183 179
60 58
128 2
90 101
86 29
33 103
133 141
147 171
154 94
133 98
133 161
130 67
75 122
3 172
23 35
32 31
136 148
X
87 57
34 187
118 37
80 27
23 84
92 120
169 46
87 1
98 30
119 195
91 154
99 5
33 185
64 75
87 145
151 31
179 108
125 74
183 48
122 158
34 155
164 86
6 71
92 196
130 50
77 189
85 56
102 147
123 161
72 188
169 27
64 177
186 102
121 129
10 112
107 162
27 47
115 49
55 76
175 82
8 62
148 106
24 114
171 139
90 189
61 130
181 92
176 91
148 160
41 10
99 111
106 77
165 77
38 66
189 21
57 32
X
68 179
56 171
76 27
103 142
10 51
53 182
76 49
42 65
5 59
75 29
186 100
X
28 136
X
91 131
74 1
53 139
185 167
184 192
88 53
115 47
X
139 72
117 67
55 101
136 24
37 90
X
137 146
38 65
52 51
33 88
143 106
65 77
146 18
X
110 73
X
135 18
194 119
57 179
158 13
181 101
88 120
53 136
26 141
128 30
166 172
5 119
160 57
35 155
42 39
17 168
65 120
188 13
144 148
53 78
11 77
14 76
123 13
112 190
115 95
99 19
65 106
101 60
160 55
89 145
158 61
125 97
160 74
105 191
32 192
129 31
123 170
72 166
148 78
183 51
88 196
X
73 91
X
108 88
177 60
90 167
119 163
145 130
94 91
149 118
52 90
57 188
16 92
29 45
158 42
31 8
33 66
180 192
122 126
23 151
X
97 63
11 10
78 147
139 83
X
126 183
105 98
175 92
88 68
177 26
90 10
34 17
156 194
176 158
72 60
X
136 11
X
29 105
164 78
67 155
65 8
109 98
21 63
X
4 151
176 141
57 118
17 180
3 190
100 165
170 178
166 2
146 130
188 12
188 157
67 180
17 76
58 62
87 105
196 97
99 28
183 124
X
193 90
54 100
125 124
79 127
16 108
64 180
X
137 155
17 44
84 84
125 149
44 62
138 19
7 14
156 124
125 121
15 192
163 172
176 83
61 181
175 158
6 24
62 60
23 61
6 14
18 180
86 84
162 106
X
165 172
X
110 178
42 155
14 89
28 44
25 67
189 193
37 175
X
44 98
62 62
169 145
77 49
61 144
161 30
81 58
84 28
168 38
23 168
X
X
14 191
85 30
188 18
158 19
30 87
70 162
38 182
45 65
168 91
134 70
159 54
148 145
8 76
170 192
158 38
X
36 107
70 127
112 131
136 73
104 162
9 166
185 155
X
74 82
126 27
83 3
53 84
17 56
151 167
44 113
25 84
11 13
42 183
X
X
109 147
159 110
193 88
192 32
28 45
77 188
7 60
X
76 185
57 77
134 191
100 154
154 105
70 163
104 61
122 121
138 169
165 85
161 136
144 191
195 56
144 182
83 73
86 193
113 141
135 121
88 99
93 118
15 57
16 80
122 13
106 60
91 112
29 74
13 90
110 190
173 143
114 93
X
94 62
141 72
30 146
109 122
174 10
117 93
15 108
27 140
14 80
165 169
32 26
138 100
137 121
158 105
121 39
3 39
32 63
107 77
189 35
22 32
112 150
138 121
33 152
127 173
32 171
3 182
X
29 7
173 189
95 97
157 49
143 147
53 85
76 180
193 2
52 173
125 80
41 166
52 191
117 140
136 74
X
62 3
31 55
32 125
59 1
X
133 110
137 75
174 8
161 124
29 98
140 173
125 71
112 130
161 127
67 37
192 13
44 74
78 108
21 27
135 100
164 58
54 187
13 139
74 93
137 16
108 122
118 105
165 176
77 180
115 6
176 118
127 91
118 69
102 28
74 91
156 72
16 105
123 151
76 109
52 36
X
48 168
155 57
50 79
166 103
191 115
140 45
80 49
10 132
53 43
130 182
130 24
115 52
180 4
45 3
153 43
190 170
102 109
171 6
68 75
78 157
40 19
127 121
76 82
1 21
33 20
170 132
154 50
55 115
134 103
186 151
149 158
169 31
161 130
90 4
188 37
138 120
27 141
12 9
194 81
33 110
40 43
146 164
13 48
149 185
173 64
190 117
74 88
119 185
65 17
78 148
13 134
100 8
20 125
159 29
91 119
103 130
117 37
35 33
86 110
72 128
170 46
38 52
97 67
155 83
108 13
164 174
49 48
117 86
111 142
171 31
163 77
51 17
145 132
121 37
17 46
64 147
2 190
143 94
121 57
44 112
36 51
11 165
120 154
119 60
44 97
73 149
96 62
31 89
190 52
180 69
120 162
148 147
87 10
73 131
88 71
94 196
167 191
136 9
86 30
111 169
153 57
155 40
117 185
53 146
75 27
87 112
71 105
24 169
194 126
144 145
171 176
42 18
133 171
14 51
156 1
12 84
17 48
9 48
100 108
99 14
11 12
167 176
142 89
146 59
192 160
57 34
170 53
190 126
5 146
179 124
76 148
40 17
97 13
24 126
40 88
33 87
132 102
13 187
21 25
42 16
50 90
165 75
110 19
88 28
115 84
63 127
110 88
169 21
179 95
5 73
160 124
178 132
93 182
119 56
137 10
151 38
31 163
162 10
55 49
64 146
11 14
55 43
23 147
14 137
166 160
89 32
157 63
138 23
145 123
182 137
150 18
178 36
70 131
16 102
129 28
24 26
77 185
76 2
92 180
170 88
92 42
148 76
1 177
105 163
154 88
194 130
78 32
53 89
5 61
110 16
162 110
15 67
97 18
54 104
140 94
97 14
162 9
91 109
182 136
134 55
22 102
165 78
62 33
145 120
191 35
67 156
100 17
11 39
153 133
79 34
80 15
125 78
141 149
15 134
98 12
136 121
189 102
147 18
76 7
148 130
177 30
23 62
17 6
170 62
106 122
88 111
43 125
17 79
191 12
41 82
99 92
82 1
167 48
43 2
109 101
102 64
49 171
127 47
127 31
114 8
64 11
26 121
167 5
34 139
41 128
162 172
175 195
83 50
28 78
76 36
55 102
6 117
71 125
147 78
64 182
113 142
42 76
36 52
77 147
138 114
31 31
193 52
13 189
128 155
76 80
152 85
3 138
118 82
106 51
184 138
15 137
75 189
145 133
42 134
175 12
65 116
57 195
175 83
188 9
54 120
117 82
43 116
189 114
194 5
86 112
47 122
149 114
141 54
70 47
17 176
172 177
130 26
104 34
127 37
4 122
40 113
49 41
138 123
147 65
16 74
13 68
8 11
16 57
93 63
127 172
121 195
65 105
171 110
65 155
94 25
71 70
41 3
20 151
89 197
67 15
124 88
109 17
129 62
33 108
184 36
166 132
163 86
57 134
61 12
119 51
155 41
164 60
161 139
104 130
119 161
175 10
34 31
71 166
69 114
81 127
167 2
101 134
182 36
148 118
79 33
9 165
30 46
122 27
39 27
44 164
54 144
156 56
57 20
112 37
70 139
38 54
122 24
155 15
60 89
123 152
31 161
168 73
133 145
28 53
42 88
80 1
116 175
127 125
92 129
80 34
118 94
16 133
13 67
170 108
137 91
173 51
77 36
188 153
114 176
21 66
160 128
4 24
128 70
121 151
142 32
187 19
49 9
18 9
44 158
136 126
50 76
136 111
190 82
149 9
65 119
104 88
189 82
108 112
78 12
13 42
12 40
177 16
32 105
91 93
178 130
40 175
23 181
110 87
104 159
7 114
91 90
138 21
77 60
33 94
58 136
54 191
20 115
14 46
69 169
13 71
4 141
189 18
13 104
146 58
49 108
179 49
52 100
35 143
150 114
197 60
169 52
178 38
90 40
44 2
93 43
12 86
121 56
12 106
148 169
91 132
178 3
73 132
191 14
45 119
5 104
61 6
153 169
43 160
156 3
76 51
76 29
78 82
13 106
184 31
69 20
43 123
53 40
42 85
124 76
25 87
54 127
162 8
20 123
188 116
134 58
19 20
2 161
184 30
17 42
77 58
98 89
60 6
190 8
166 100
116 95
97 85
98 69
146 75
67 31
185 88
33 8
27 16
125 8
102 5
47 52
34 75
184 25
93 124
49 55
13 69
124 30
181 82
26 134
88 124
172 48
21 65
14 134
161 10
125 56
93 110
189 156
22 65
49 90
193 57
18 167
74 127
94 83
41 87
130 165
118 107
175 96
18 137
62 93
178 26
169 26
191 5
1 42
37 185
174 78
65 114
99 27
166 133
110 86
103 181
84 18
43 10
95 12
127 112
156 70
93 81
146 64
146 68
30 88
195 95
53 20
48 155
49 105
30 119
110 56
161 194
20 189
77 96
111 39
15 93
166 86
75 96
157 13
167 104
134 40
146 188
104 148
98 130
115 25
68 118
192 37
161 171
81 87
41 144
55 116
160 42
21 61
30 114
32 20
78 50
49 110
64 6
106 71
35 73
164 87
42 46
110 110
142 80
180 179
84 97
193 94
19 100
91 54
179 5
159 102
66 38
108 159
25 81
10 49
175 145
187 155
67 36
75 91
66 39
138 113
168 100
64 120
163 110
175 101
9 5
177 195
142 96
19 17
96 18
40 171
155 105
152 83
39 169
182 95
65 47
139 73
34 135
93 133
85 136
88 1
145 119
186 92
53 67
153 88
8 121
66 46
84 87
182 28
13 137
159 77
189 81
16 76
72 191
56 4
136 128
158 108
161 82
147 39
118 108
188 65
68 48
33 33
132 42
110 113
28 51
142 148
119 52
63 46
49 107
96 31
88 52
166 82
4 186
92 25
30 31
162 14
18 72
118 104
141 96
38 116
139 75
146 57
116 6
41 15
38 70
88 95
105 100
76 50
38 113
25 119
79 14
64 16
160 96
78 178
193 177
129 52
24 147
144 68
4 25
190 167
46 63
117 163
86 32
33 90
111 74
195 29
174 33
118 53
17 24
147 68
126 98
132 62
132 40
6 21
87 17
160 105
166 176
125 45
27 169
32 18
102 111
184 26
30 90
9 110
41 66
188 77
85 17
169 87
176 101
12 87
106 72
145 31
58 137
181 54
168 59
53 55
69 44
188 155
93 40
152 94
117 84
136 113
34 126
169 72
41 9
74 5
37 136
127 1
24 128
133 54
137 24
53 75
33 89
91 123
149 7
82 77
157 196
30 30
109 55
44 114
169 109
75 107
92 123
181 81
53 28
2 95
189 41
55 51
107 118
53 48
78 101
56 61
65 15
78 125
40 147
23 66
83 69
87 123
104 51
76 30
18 136
178 2
65 51
107 55
192 179
138 24
42 122
178 134
78 128
143 56
97 164
181 122
196 29
170 61
55 50
86 19
43 36
90 102
135 110
76 147
166 84
127 14
70 2
111 148
32 33
6 47
137 105
169 61
72 3
106 68
182 117
147 160
123 80
42 112
101 24
169 91
131 51
121 153
189 118
166 181
25 47
95 98
197 56
152 93
52 104
97 109
92 124
53 145
161 40
52 113
116 167
34 137
146 55
21 85
51 75
171 73
57 108
180 27
196 94
6 16
120 125
22 21
187 100
169 143
141 94
113 7
177 158
177 92
73 3
141 83
31 104
178 171
93 189
153 137
125 13
37 75
179 101
84 77
134 18
64 46
135 105
193 95
11 179
98 133
149 91
128 1
131 56
13 108
81 57
180 109
50 86
76 122
117 43
38 41
181 119
100 153
167 56
59 157
145 117
68 106
164 152
95 50
76 6
30 45
56 156
177 124
66 34
144 36
105 72
69 90
13 14
151 42
94 33
196 31
72 86
189 129
105 123
51 48
107 73
5 99
139 77
115 82
101 64
158 40
121 191
187 77
57 75
108 162
173 63
81 73
20 100
31 148
32 66
109 39
62 34
33 97
136 15
52 118
126 67
156 60
34 108
166 170
25 116
1 41
59 2
5 28
172 61
46 10
44 48
25 16
50 126
35 149
176 78
136 110
193 56
33 27
185 90
178 119
63 175
8 14
174 12
92 131
153 176
115 80
158 109
190 165
50 14
117 28
162 13
141 80
137 100
54 69
90 120
170 38
161 74
133 100
159 75
158 106
110 38
87 108
13 9
139 80
27 86
128 182
100 6
152 84
175 138
20 150
177 71
91 91
61 2
116 69
168 64
132 54
126 52
196 56
195 93
23 87
29 72
169 33
122 122
42 91
65 20
62 192
187 106
123 109
5 21
182 96
71 190
98 97
167 132
124 90
132 105
104 60
43 86
164 3
104 64
152 89
24 125
44 122
169 56
133 113
137 18
188 115
22 24
41 8
194 29
79 120
106 58
71 7
186 165
108 86
98 6
195 114
55 14
177 97
192 36
55 48
180 95
92 22
177 69
11 87
183 54
41 85
177 101
36 108
15 80
41 94
1 94
105 24
185 166
5 24
118 89
171 121
123 124
61 96
115 89
110 175
136 130
141 58
114 82
142 16
68 58
31 63
146 54
144 39
92 68
171 108
69 91
190 76
123 84
24 80
9 129
40 44
86 123
74 90
69 139
113 25
146 102
80 38
161 36
77 102
8 61
191 82
141 148
8 119
118 93
12 6
103 148
40 91
17 68
131 113
181 35
102 130
128 65
169 123
69 92
183 122
118 106
26 81
2 43
20 34
55 20
187 73
46 110
54 124
186 101
103 144
172 21
141 77
171 74
63 97
7 172
179 117
17 25
55 118
31 98
102 101
191 3
169 57
138 163
138 90
120 12
2 91
189 127
88 72
72 131
9 3
83 47
174 51
136 90
147 90
127 12
154 69
97 17
104 127
176 77
179 52
74 2
49 29
12 93
59 127
60 130
188 38
30 72
116 24
132 58
50 124
5 77
74 58
57 110
90 9
103 101
11 146
149 21
167 47
61 7
51 175
128 62
27 72
127 110
80 37
33 28
15 102
24 118
88 51
14 132
22 151
75 88
9 146
41 124
190 160
42 94
156 53
24 16
106 186
83 44
61 3
33 26
78 97
96 65
114 81
22 100
66 119
147 183
31 117
185 92
67 75
74 6
71 86
120 68
85 72
125 31
5 102
184 35
190 130
15 104
94 131
116 70
66 8
179 20
192 56
43 157
30 89
122 107
88 96
78 34
188 136
119 67
119 59
186 77
98 132
99 97
141 42
100 130
190 105
75 136
154 39
95 22
190 103
112 178
38 125
147 21
190 22
76 3
190 48
17 45
88 93
101 8
154 68
12 88
101 88
179 78
65 34
128 64
61 62
156 101
174 6
175 106
192 88
17 54
190 100
104 90
45 70
71 76
121 60
193 179
55 103
147 106
146 134
93 120
181 39
175 132
67 119
26 116
31 121
98 131
4 150
107 122
161 115
12 128
6 15
141 73
43 122
181 48
114 94
61 8
39 124
122 84
103 108
68 40
93 66
106 16
56 69
11 90
169 108
176 60
138 14
75 120
150 166
175 146
115 50
167 102
105 28
122 30
70 49
144 52
67 106
43 179
149 95
19 152
152 52
93 68
144 40
62 32
71 5
105 59
24 24
169 41
35 186
152 181
119 144
12 131
38 64
78 96
138 43
188 174
74 190
182 26
96 52
