4 74
61 52
89 91
65 59
11 60
53 19
44 1
1 0
53 83
8 80
8 92
54 18
94 32
23 20
69 31
76 12
22 22
43 21
76 70
32 6
85 13
91 75
81 6
48 30
73 74
95 97
88 31
88 11
58 2
4 20
77 92
63 16
71 28
55 80
13 12
87 23
18 9
74 62
56 54
68 96
29 82
24 9
58 59
68 82
61 11
10 2
12 43
27 46
59 68
35 18
53 72
87 29
70 6
12 37
13 92
84 98
83 18
73 49
19 8
89 15
61 48
38 32
12 59
40 78
28 7
84 69
16 57
95 25
46 80
78 56
41 7
19 14
9 85
36 58
22 23
5 91
72 48
44 61
73 89
40 68
71 96
49 49
16 76
6 93
24 30
12 61
78 37
67 40
38 95
9 84
57 7
18 3
9 8
76 84
85 40
18 56
19 76
66 63
69 7
69 47
47 36
82 94
19 6
97 50
97 70
70 30
20 28
12 47
96 72
84 4
58 43
86 22
41 46
54 71
93 77
37 94
48 52
13 35
6 51
36 55
5 27
36 51
53 39
13 47
47 77
83 77
73 2
15 15
20 94
53 87
67 87
67 71
72 1
5 9
39 47
73 71
3 82
56 95
90 96
95 2
15 97
84 68
62 15
78 9
85 22
25 18
8 46
5 19
27 45
66 61
75 58
53 43
83 32
43 16
50 60
16 40
89 35
22 75
36 11
61 91
96 69
41 68
2 45
74 24
72 19
83 24
28 19
3 26
75 1
15 48
6 43
45 28
75 53
85 43
14 47
0 9
62 67
10 15
11 73
22 94
67 16
0 14
58 63
36 15
26 34
14 38
64 86
16 51
55 43
25 39
9 18
90 38
54 26
25 52
58 9
19 43
19 67
85 33
22 10
68 90
5 96
3 15
93 55
62 24
11 14
15 24
56 67
33 71
6 29
12 92
32 38
8 7
30 57
82 16
7 68
84 51
81 12
29 29
21 63
2 88
38 63
34 21
96 74
63 92
2 18
16 59
96 86
75 28
41 84
18 41
91 37
81 91
48 97
43 31
41 0
20 13
10 34
49 78
13 84
64 41
82 67
46 13
63 98
88 96
56 73
25 68
82 3
93 22
96 31
69 56
98 12
50 42
40 7
17 11
18 6
29 8
46 11
79 64
27 49
33 65
20 4
32 87
23 33
49 2
7 38
0 48
64 84
69 79
48 70
76 85
65 80
45 5
76 61
12 21
56 14
31 35
77 59
82 88
68 52
21 20
62 89
63 26
85 55
42 59
88 46
19 60
42 58
14 86
71 92
39 74
36 79
96 54
2 53
44 10
57 74
72 25
8 95
49 89
25 31
13 49
3 18
42 94
97 72
47 50
15 92
37 47
70 57
50 89
63 15
25 78
34 70
53 85
22 78
84 77
26 59
45 30
54 50
44 53
36 24
54 29
25 54
26 70
73 27
50 81
42 50
13 73
31 40
68 91
73 98
84 74
98 29
9 15
71 60
3 73
30 28
78 67
56 44
76 43
86 35
0 65
87 22
15 3
17 33
95 49
79 31
44 5
37 79
92 30
91 96
18 53
48 32
52 10
24 34
23 26
34 92
18 11
86 87
91 93
54 23
13 56
2 98
39 18
59 47
56 3
26 74
5 49
5 21
44 7
83 59
39 43
91 71
10 39
79 16
15 54
20 20
22 35
87 41
54 40
7 74
86 59
85 86
73 33
62 62
42 13
15 86
8 28
26 11
59 48
20 67
82 10
53 84
61 46
34 67
57 62
38 65
53 86
14 83
63 86
6 83
31 16
90 55
70 54
91 27
82 42
21 96
56 25
77 33
80 90
0 66
55 39
59 37
42 9
71 43
75 45
64 5
65 10
13 4
5 18
43 82
96 38
74 77
43 72
27 67
6 46
96 13
0 57
23 41
59 54
51 40
38 75
96 81
68 40
45 95
0 51
80 46
25 48
73 56
0 81
35 60
3 9
81 33
31 67
48 96
97 22
89 69
2 25
3 17
98 14
45 13
24 92
89 55
21 12
89 76
73 79
78 52
60 83
10 92
13 95
12 56
39 37
73 97
53 24
17 78
95 93
57 55
88 94
38 16
25 35
10 41
37 62
92 28
28 5
86 13
12 8
90 64
92 67
0 96
55 76
44 91
94 82
4 22
39 23
55 60
9 71
87 0
27 6
41 59
11 82
5 45
98 91
95 10
8 77
73 1
51 49
53 4
52 85
20 19
79 40
95 42
25 11
7 72
58 67
52 19
9 43
26 23
91 52
13 97
44 41
90 14
63 1
57 98
59 82
5 34
13 82
83 39
73 82
75 48
16 61
82 8
34 64
81 71
54 43
90 13
77 87
15 37
1 44
59 36
6 81
77 2
95 98
87 77
41 96
2 69
55 56
4 41
70 72
74 75
95 80
68 60
48 36
44 63
31 21
18 29
70 35
30 6
85 67
28 28
29 89
39 73
44 42
78 11
38 62
22 81
50 75
89 28
92 91
54 22
8 48
16 54
62 47
75 88
27 75
87 5
23 91
9 86
43 80
50 59
67 98
26 36
29 44
0 76
48 38
61 23
55 2
9 42
79 46
16 14
52 3
37 12
33 42
62 94
68 62
23 3
60 37
13 96
76 17
24 91
98 15
24 13
10 91
40 47
45 21
2 64
21 30
49 42
14 59
30 35
80 4
27 76
1 60
58 93
64 25
26 47
79 89
9 11
46 37
12 58
80 14
52 75
53 40
92 2
92 51
21 14
25 70
68 53
42 61
23 13
60 17
56 36
83 91
80 28
11 57
42 82
40 36
23 69
66 60
8 98
46 35
15 14
12 41
48 44
56 60
13 10
87 51
47 89
74 33
40 76
54 46
22 72
23 92
11 42
12 71
30 53
6 10
15 59
17 27
3 92
15 69
8 13
47 55
47 62
15 62
55 16
65 54
87 98
23 32
22 6
50 28
71 94
12 82
43 81
21 98
59 93
57 28
12 30
43 68
61 54
21 61
58 25
20 25
31 90
23 61
88 51
73 38
26 77
85 7
51 27
41 70
20 11
11 30
36 70
21 42
15 56
63 72
7 1
98 42
12 12
89 46
91 6
64 1
68 48
28 46
20 79
78 72
86 44
3 93
47 54
89 84
27 4
12 0
4 28
40 32
98 74
60 69
94 34
45 98
54 36
44 8
85 66
3 70
95 96
42 62
60 78
25 76
84 57
54 11
47 57
15 5
23 29
97 66
77 86
81 8
23 65
76 35
87 4
84 10
79 91
79 13
42 85
70 68
26 81
64 76
49 45
81 94
87 81
66 93
34 81
88 24
47 22
2 94
7 22
70 62
9 37
96 83
96 46
49 47
65 42
53 75
42 16
67 44
49 85
40 67
18 80
3 19
45 27
45 79
32 0
53 92
83 87
41 90
66 86
6 74
12 60
27 30
59 2
4 4
18 43
64 40
46 1
24 83
14 81
70 28
64 77
97 7
82 95
31 17
20 92
15 6
36 32
37 76
52 65
92 23
4 63
41 74
96 92
15 40
71 2
53 20
17 58
51 35
68 26
73 0
59 73
85 23
87 73
22 8
29 80
90 41
77 98
68 61
37 82
24 29
59 17
7 26
63 30
35 57
15 93
81 87
77 42
78 55
97 91
35 78
14 72
9 97
2 11
72 96
73 77
40 90
37 60
71 24
17 80
29 28
5 93
30 87
55 86
19 16
37 96
5 67
14 96
93 7
79 59
89 40
94 56
47 88
89 82
87 8
7 96
25 36
26 97
21 87
2 72
36 47
23 50
32 25
90 66
19 96
69 94
32 39
21 77
18 68
25 60
91 56
59 95
44 80
84 67
61 84
66 53
35 11
68 50
4 1
85 5
65 12
73 20
3 28
34 51
78 34
85 65
40 45
23 8
89 77
48 35
21 70
49 51
19 81
20 95
90 16
17 34
73 55
14 76
14 35
9 56
37 61
73 32
98 62
16 79
80 63
60 80
68 81
65 53
16 95
37 22
62 61
53 15
53 41
57 60
4 78
73 70
25 20
58 68
64 29
81 28
74 34
51 38
33 82
1 88
43 20
73 85
8 85
39 2
50 17
21 56
41 62
26 27
74 78
45 46
64 9
23 97
77 12
34 15
78 44
11 47
11 88
12 4
20 21
60 2
37 49
3 49
28 86
64 98
78 36
8 75
91 0
56 59
59 33
18 74
48 28
61 71
69 51
41 55
80 88
83 96
25 37
73 14
15 26
44 35
10 74
38 92
82 89
39 79
49 88
83 7
50 96
79 95
42 84
72 57
85 41
32 97
10 19
27 69
78 92
29 34
40 38
11 15
11 16
98 69
45 12
36 81
27 3
50 73
89 13
39 67
81 9
68 49
32 35
40 13
68 11
95 31
70 5
86 2
92 86
74 5
59 4
2 76
39 10
91 58
78 68
34 52
50 80
37 56
40 34
42 15
97 81
6 50
88 65
56 79
79 79
42 48
16 0
44 68
16 19
28 12
63 18
8 32
27 29
56 68
72 76
19 69
52 38
76 49
95 79
41 43
84 82
30 90
63 24
39 48
55 55
10 66
24 27
81 31
8 31
47 91
4 52
20 64
22 74
57 3
25 32
63 58
38 93
43 48
20 60
80 59
45 48
19 18
26 75
83 70
84 39
58 47
78 95
80 79
50 8
69 64
98 45
97 12
25 47
10 45
44 27
45 71
76 44
60 57
55 38
68 84
23 21
93 16
83 50
22 97
6 39
49 77
30 36
89 92
5 2
7 23
30 5
30 0
24 19
7 91
77 36
37 65
62 12
92 89
37 29
88 80
46 31
47 19
94 16
59 29
21 47
96 40
21 59
44 59
69 78
94 54
26 50
21 27
20 80
30 50
90 61
51 53
77 44
32 62
98 63
91 26
25 5
57 42
98 35
18 44
13 26
51 54
89 18
76 63
63 85
74 43
41 83
86 61
97 82
15 57
71 46
32 64
42 74
61 70
61 17
1 69
8 74
52 78
58 71
36 7
58 98
85 59
25 67
24 38
49 75
10 12
11 17
35 70
49 61
73 42
29 25
50 13
4 77
64 91
28 40
54 17
69 38
9 87
68 37
4 11
41 44
18 57
91 40
2 46
47 79
61 57
9 41
59 39
92 27
40 40
49 82
25 19
64 47
45 32
47 18
76 57
93 36
19 53
48 72
1 58
16 70
39 38
48 68
44 82
9 70
80 68
52 98
45 61
48 87
11 53
39 31
12 97
55 25
43 3
37 42
26 10
26 62
36 16
88 98
12 42
19 45
18 22
45 7
37 17
51 22
94 57
48 27
14 80
76 25
10 94
8 89
36 14
76 16
64 24
67 31
79 62
75 56
18 20
36 43
31 50
95 71
24 71
90 44
3 59
87 83
17 12
44 93
27 53
6 59
55 54
50 77
94 15
19 90
53 49
5 26
72 54
55 92
33 67
54 54
81 75
55 36
38 19
81 16
83 73
69 61
91 55
68 87
52 2
54 87
54 0
10 40
38 61
23 22
81 24
78 13
92 82
82 55
69 49
51 57
57 2
28 29
14 33
91 22
83 78
54 77
X
82 91
85 28
9 2
55 11
19 51
77 38
44 81
96 29
97 33
47 30
82 6
50 47
1 18
24 21
45 18
6 28
33 27
4 80
40 75
98 66
13 29
13 93
97 49
61 15
12 83
26 79
54 78
79 81
20 17
59 10
75 50
22 73
77 40
48 15
59 90
6 37
47 27
49 81
96 63
30 24
27 87
17 90
2 30
70 66
40 35
81 36
4 45
54 25
30 82
37 78
30 66
17 22
74 41
63 54
95 83
79 20
44 66
69 26
48 29
37 86
56 51
73 58
41 78
26 52
36 25
50 61
75 9
29 10
59 46
64 44
68 63
34 46
34 0
23 44
22 4
85 62
31 6
97 4
26 58
97 83
3 87
48 12
60 25
74 91
75 23
72 37
97 55
67 84
10 25
X
11 71
15 20
1 85
66 89
23 15
88 86
47 39
37 21
78 50
26 91
96 2
58 38
36 29
42 86
50 30
37 13
25 50
16 21
51 72
8 27
79 0
16 27
16 88
86 34
77 54
73 52
7 82
65 76
96 43
5 59
68 89
43 25
59 22
X
19 75
98 34
86 23
20 97
34 86
32 48
15 16
61 49
90 43
48 49
15 84
79 96
8 44
51 56
88 84
65 61
80 78
0 46
38 18
41 19
13 81
59 64
83 14
89 22
26 60
38 48
29 22
96 1
82 33
26 14
7 67
2 14
98 61
47 49
77 43
94 33
41 14
80 24
53 14
16 35
95 30
93 2
20 52
90 86
89 20
96 24
97 13
36 19
2 90
25 88
93 12
32 24
16 52
87 2
95 95
41 47
52 49
23 1
70 9
83 2
88 55
36 36
79 68
9 40
31 79
34 55
11 49
10 98
39 91
66 51
56 1
74 3
80 94
32 63
94 86
56 91
52 80
55 50
10 26
16 13
53 91
7 66
44 28
11 85
27 12
14 71
67 83
57 32
78 21
7 47
1 45
73 7
91 95
53 73
64 42
23 38
96 76
28 51
8 29
83 13
30 85
7 88
95 54
2 68
96 39
21 93
28 1
27 70
66 81
80 48
37 80
17 41
72 33
67 4
60 16
13 11
2 27
61 27
93 80
65 38
66 50
82 14
5 22
69 36
75 59
69 32
61 80
28 75
95 23
73 53
92 55
0 94
2 92
42 65
12 66
4 95
17 73
50 90
12 75
19 83
89 74
74 48
7 12
70 60
33 48
21 1
37 27
64 19
12 29
10 1
98 57
21 4
17 95
94 78
45 88
7 8
15 33
62 70
2 51
97 48
43 34
45 20
94 30
93 68
74 29
37 26
45 50
69 35
65 81
80 44
49 64
59 7
15 11
46 36
74 49
47 46
97 53
7 94
76 29
59 59
34 91
60 47
26 20
36 77
93 54
61 59
54 94
58 52
51 20
8 34
72 71
13 78
61 35
47 47
67 29
47 32
4 34
47 24
82 57
95 27
60 40
71 82
26 32
83 97
71 37
66 32
17 81
48 14
82 47
3 56
75 8
76 1
27 61
60 77
4 56
71 1
12 34
95 32
17 28
88 52
59 52
50 45
66 28
45 44
13 60
26 43
46 20
37 16
72 12
16 26
85 79
62 81
64 57
12 11
32 15
44 17
3 5
21 22
84 38
51 64
56 45
9 51
46 32
95 68
53 6
32 54
2 66
41 8
8 37
3 1
55 59
16 8
81 2
39 54
20 57
29 5
63 46
49 15
49 50
11 37
53 5
49 35
66 52
30 41
76 20
45 8
96 90
96 68
37 7
98 88
56 49
98 67
41 76
76 60
38 43
89 85
34 7
4 70
67 9
35 46
75 36
79 21
57 64
35 28
1 63
3 34
25 28
41 6
21 16
76 58
88 82
48 78
97 62
56 12
52 62
28 84
30 14
5 89
62 64
16 10
95 90
7 85
54 52
79 58
24 89
2 13
44 88
64 58
35 38
98 16
43 65
22 53
20 34
37 63
18 73
33 60
8 67
49 54
72 53
90 82
89 37
97 69
14 29
85 61
18 21
90 85
46 58
75 60
16 74
70 43
49 59
3 66
15 88
75 43
18 81
28 14
86 46
77 72
54 74
74 88
89 0
75 63
98 38
24 46
18 72
28 70
71 48
45 16
4 23
52 16
37 1
81 23
76 54
17 10
29 51
51 55
96 41
59 91
94 45
15 90
58 53
92 16
43 56
30 42
71 27
3 50
84 32
30 23
89 56
18 95
20 10
40 1
12 27
86 32
44 75
73 24
75 74
34 27
61 39
24 85
27 8
17 48
15 28
51 96
79 39
23 71
23 95
83 4
14 3
65 92
87 6
38 80
41 13
20 18
18 26
85 56
6 78
27 62
82 49
89 63
2 91
21 54
84 92
35 9
30 1
24 43
40 46
0 52
53 63
65 11
79 47
35 48
44 56
5 50
32 75
41 49
81 13
56 0
32 55
62 55
88 70
2 87
63 66
41 81
23 5
44 40
33 43
33 31
50 68
42 19
12 94
40 79
88 22
87 30
25 42
55 13
36 20
6 38
78 84
6 77
74 71
42 69
57 68
60 64
81 90
80 55
26 15
58 18
34 23
54 10
30 4
97 68
51 21
34 76
91 74
14 20
62 11
17 56
72 87
20 82
12 19
21 82
70 92
42 6
90 77
27 65
74 85
93 4
21 78
78 80
85 29
87 79
97 63
4 30
87 63
47 43
67 92
66 9
15 9
77 83
65 18
57 59
22 62
45 33
6 58
37 55
3 16
48 7
81 7
34 79
59 72
66 33
10 22
46 50
9 82
16 29
71 53
37 59
39 89
17 79
35 37
63 84
62 26
30 19
97 64
34 32
98 94
61 55
1 10
14 54
4 5
94 5
23 34
69 62
52 72
84 24
97 34
70 12
80 96
73 13
69 1
49 16
6 60
24 98
3 64
52 41
35 36
78 90
5 37
59 81
51 76
36 23
56 10
43 71
2 48
45 96
31 89
13 98
4 72
64 27
32 45
45 45
26 84
77 68
73 17
36 85
71 56
49 53
44 24
47 71
82 7
41 88
74 32
67 52
96 21
79 2
33 45
48 23
71 29
89 98
7 90
83 68
86 63
16 15
96 75
70 7
88 6
0 60
31 8
71 93
9 59
88 66
63 80
39 65
88 42
42 37
88 91
63 83
59 80
32 26
46 9
28 79
0 56
9 96
65 23
52 59
86 20
56 88
34 45
75 49
29 31
79 88
31 56
26 64
98 70
80 10
42 2
32 19
71 36
74 56
49 62
40 11
61 76
X
34 13
57 44
38 67
81 19
81 20
58 31
14 70
59 86
26 66
88 57
44 97
12 91
70 42
6 55
83 69
96 37
43 55
15 60
76 92
20 93
50 74
1 30
41 91
10 77
44 67
21 19
45 66
21 33
39 46
25 66
46 3
45 25
95 9
14 53
69 91
43 7
91 66
80 9
32 47
77 55
58 95
24 93
10 59
64 65
60 62
41 69
61 37
5 12
81 0
16 93
96 56
2 38
28 22
66 31
12 77
50 55
0 55
31 66
95 41
78 93
7 83
66 92
91 85
26 80
6 87
44 16
22 17
X
92 72
20 59
47 69
59 76
68 75
98 41
33 93
86 10
16 11
70 47
72 21
11 84
53 29
77 53
13 75
56 80
86 5
49 55
52 8
39 1
29 66
53 82
1 66
2 33
92 15
48 22
29 67
51 41
59 24
43 35
0 87
83 9
51 71
33 23
25 87
23 17
85 50
3 81
16 22
42 70
50 88
16 1
16 89
89 51
6 80
3 94
10 63
71 79
24 97
75 81
82 32
32 90
77 10
6 7
66 25
58 92
10 18
7 6
21 52
67 82
70 61
86 98
19 65
1 96
70 38
35 66
87 86
11 11
27 20
70 71
6 68
53 67
25 81
64 60
11 34
32 42
56 28
7 60
70 13
26 3
40 69
57 77
83 56
25 55
11 25
95 63
29 96
94 89
94 31
17 23
3 96
10 42
38 64
30 29
71 31
85 44
86 76
78 3
5 17
30 31
72 43
7 97
52 34
73 61
31 80
27 27
13 48
56 78
58 83
65 6
3 29
9 14
87 24
38 50
43 54
77 78
4 48
47 98
9 79
68 93
94 23
15 70
46 78
76 83
26 88
2 58
3 97
69 54
33 25
71 91
42 47
93 34
15 68
98 48
50 50
47 21
16 18
43 76
59 77
X
25 40
17 50
65 72
93 5
45 92
57 96
49 40
15 61
68 30
4 33
57 79
36 94
74 0
X
51 9
14 94
30 89
67 91
61 78
98 82
16 96
78 69
32 21
47 61
10 57
50 78
74 57
55 84
74 94
10 72
42 77
73 83
27 86
12 93
42 89
98 84
48 63
74 46
13 74
28 34
41 66
72 67
30 25
53 64
2 83
31 87
9 33
20 2
67 53
58 56
79 56
51 75
78 46
8 2
60 74
36 44
32 37
12 15
90 50
41 60
6 32
67 95
35 84
32 32
84 62
86 64
91 57
82 85
29 91
84 60
67 51
2 70
39 75
38 25
48 18
79 9
44 36
65 28
27 5
54 42
61 67
7 77
66 24
24 23
8 42
96 59
52 5
77 1
67 5
20 32
90 21
40 50
29 30
76 91
71 30
16 55
88 33
34 35
0 21
69 71
30 20
95 46
4 25
48 55
3 10
43 60
19 58
18 51
40 74
93 37
91 13
38 90
92 5
12 84
45 59
60 27
39 36
22 33
62 74
36 41
23 59
3 55
78 29
24 11
48 74
22 1
6 12
11 92
30 17
6 20
87 76
58 76
91 50
92 37
17 3
26 5
88 8
65 73
30 83
79 36
18 10
31 97
20 54
57 53
54 56
46 42
98 24
49 22
34 63
46 49
81 72
92 14
31 41
51 23
77 20
63 94
74 86
0 73
54 27
44 0
46 14
89 70
13 53
23 70
36 42
94 68
93 38
88 78
38 29
41 95
42 21
12 70
6 97
70 22
62 66
98 65
13 76
98 4
36 26
66 98
53 95
59 16
89 66
12 89
2 23
84 2
73 50
81 79
26 87
78 78
93 13
35 29
13 71
47 44
59 79
86 40
89 8
83 22
12 33
48 46
45 49
4 65
6 67
25 98
23 82
71 63
82 90
79 41
34 50
22 20
9 76
81 57
96 42
92 44
63 9
81 17
92 3
68 44
47 15
14 21
96 84
50 46
92 63
81 95
19 17
3 33
37 50
59 15
35 22
57 57
47 45
67 8
89 67
55 68
45 34
10 29
97 90
43 29
78 66
49 92
22 14
67 62
85 19
74 97
84 40
88 32
64 48
19 91
37 70
45 83
35 25
87 14
84 33
86 78
71 97
19 21
X
32 49
29 39
98 46
60 70
51 33
1 95
90 95
28 17
91 15
19 15
7 17
28 61
X
66 17
28 27
73 78
20 29
2 77
42 92
57 63
79 66
78 96
59 69
54 72
54 75
59 35
86 43
83 93
62 41
4 68
31 33
90 5
36 0
98 11
40 52
96 94
17 19
8 68
67 61
2 60
33 46
47 94
X
92 42
84 6
68 92
61 88
34 47
45 51
5 88
51 42
0 72
71 71
17 77
90 58
82 24
61 41
87 13
7 63
56 92
88 26
22 67
50 66
58 46
7 48
9 72
84 76
20 38
77 3
85 98
3 11
42 25
48 11
41 40
87 11
69 67
93 24
64 7
93 21
80 58
54 92
33 33
4 19
27 85
14 57
0 20
31 31
11 35
27 57
13 38
69 25
10 3
76 0
79 7
39 22
83 62
76 64
28 10
47 41
52 90
57 29
21 71
82 75
40 42
1 90
93 28
97 84
10 23
41 35
65 74
22 32
15 19
34 87
43 38
58 97
53 25
49 3
54 48
82 9
71 89
4 0
49 33
20 15
9 46
14 27
92 60
16 4
4 42
60 90
67 96
16 65
9 20
44 11
21 62
70 52
19 35
46 41
51 68
51 80
11 9
34 37
15 0
73 51
15 50
19 77
8 90
25 6
90 52
88 89
5 94
78 53
98 30
22 2
47 65
96 96
0 13
95 56
14 87
95 82
17 59
72 18
82 23
37 68
51 47
4 73
84 9
33 13
50 54
90 23
4 15
39 83
50 71
14 90
40 2
65 87
83 89
15 7
1 46
79 73
3 51
91 42
33 78
47 82
4 66
49 39
89 33
49 11
10 86
54 7
9 92
58 90
25 17
4 43
89 58
7 9
38 8
75 76
28 77
20 56
16 77
81 3
32 46
19 92
30 54
6 96
80 86
49 71
11 1
55 52
47 87
9 65
12 18
17 15
66 21
24 35
94 93
23 80
3 74
20 22
21 69
42 23
40 15
66 36
84 50
62 28
55 6
52 76
66 72
52 44
95 88
19 89
37 95
6 54
73 60
70 93
10 90
7 54
79 69
72 85
57 76
67 10
79 17
85 24
46 61
35 73
6 25
81 89
13 83
53 76
92 85
98 96
39 66
97 25
42 49
9 64
4 35
63 57
54 89
72 70
94 22
1 93
59 85
27 15
72 24
71 50
12 78
30 93
2 12
32 93
53 36
22 85
47 66
14 68
30 48
93 14
3 98
11 21
34 33
50 52
68 43
92 57
59 88
33 14
27 68
35 43
27 52
4 44
97 93
63 44
25 44
10 85
31 82
0 45
41 27
52 95
90 34
56 43
38 74
49 27
12 64
42 56
60 35
1 35
76 65
78 32
92 40
33 94
53 62
3 7
86 81
12 69
53 78
29 20
87 1
59 57
88 0
1 65
17 26
56 56
7 84
98 22
19 59
7 3
75 13
53 89
62 17
71 42
5 7
49 96
96 50
57 85
33 88
16 64
72 27
8 25
98 80
33 24
44 31
57 12
59 55
93 62
16 6
X
85 70
85 39
84 25
10 35
23 68
22 64
48 57
65 98
62 27
86 94
43 50
85 63
77 60
51 48
23 4
4 7
27 47
23 78
50 69
45 31
37 58
58 34
74 39
44 32
8 83
75 87
56 22
91 14
15 63
43 33
7 64
59 74
4 84
70 23
60 88
14 16
5 64
77 52
43 66
86 62
73 39
65 89
74 37
75 34
89 32
51 29
21 95
45 19
68 31
93 39
66 96
43 61
53 26
92 36
97 1
8 3
44 65
16 12
16 34
74 40
73 93
18 17
85 84
82 65
0 11
3 67
43 87
73 4
71 33
51 92
34 22
83 84
11 43
11 62
37 48
28 44
35 89
72 61
93 76
31 29
73 54
26 35
68 38
77 81
17 8
67 54
82 53
55 20
87 50
38 26
16 2
7 5
74 84
70 26
70 67
52 40
31 46
32 40
2 32
14 61
64 62
47 31
48 33
33 69
36 48
45 77
46 88
68 83
48 75
97 86
48 6
7 86
72 7
25 72
67 75
27 11
67 37
44 49
58 86
74 61
67 42
17 64
17 92
46 7
34 82
82 66
56 55
80 34
43 78
79 11
91 7
50 22
61 63
66 29
24 28
72 93
28 69
38 36
37 37
20 46
10 88
39 92
83 19
95 15
73 26
36 61
83 29
46 28
12 24
94 61
42 57
26 55
92 94
56 89
1 56
75 7
7 11
23 40
33 19
12 86
63 47
91 30
0 70
79 38
84 7
94 35
92 74
28 48
48 20
80 12
26 44
89 45
90 53
17 55
5 98
63 29
55 91
96 53
94 6
34 14
88 43
20 51
79 90
14 74
21 3
78 64
3 22
84 89
24 40
78 20
37 52
47 67
23 24
64 2
4 31
73 88
14 60
47 1
80 15
48 47
50 38
87 90
59 70
27 23
25 90
33 34
83 3
18 14
55 15
84 17
28 85
53 68
92 19
95 59
54 80
48 16
76 80
49 37
X
0 53
60 91
15 65
14 77
18 15
98 10
62 37
41 41
38 59
40 14
83 28
74 1
62 56
20 45
21 7
41 18
24 90
6 52
18 92
75 61
8 88
32 82
49 20
4 37
52 24
26 30
6 19
40 5
65 52
7 16
78 83
22 38
30 44
81 68
44 19
73 22
46 40
36 66
5 84
63 91
78 70
48 2
74 27
84 86
2 67
6 70
32 18
13 72
21 23
65 41
6 61
18 12
19 19
82 76
49 4
86 80
81 53
46 51
2 52
71 44
96 77
10 97
31 36
95 36
62 7
83 5
65 64
45 14
77 66
15 8
28 32
58 64
36 39
95 5
25 27
58 16
22 80
2 63
16 5
44 89
57 11
42 87
38 87
51 70
27 42
83 10
19 66
71 49
76 56
74 23
53 47
10 65
76 55
39 50
93 67
24 76
64 78
21 41
51 69
65 88
19 23
16 80
76 98
81 54
54 85
82 40
17 93
19 33
4 64
24 61
79 23
24 17
60 55
54 59
63 48
43 2
47 85
36 78
6 27
69 70
65 50
49 80
20 16
35 65
37 90
28 8
91 19
30 51
36 57
27 43
54 32
60 61
9 10
27 89
3 84
3 86
93 83
35 41
21 8
47 81
2 24
80 56
14 66
34 17
96 22
60 92
63 42
4 13
66 57
26 6
82 18
66 41
4 90
89 83
88 34
89 97
54 91
79 93
30 69
28 20
22 40
87 45
88 36
6 24
6 44
86 31
46 48
10 62
74 82
83 60
84 21
94 80
71 35
81 98
1 43
44 38
17 71
62 35
62 49
23 73
43 88
44 13
42 1
92 62
95 61
69 40
69 20
60 24
50 29
10 82
63 41
94 36
15 78
36 27
6 53
62 10
27 2
9 44
58 81
67 46
89 38
98 13
41 77
73 44
54 97
46 75
43 36
97 8
94 90
62 46
38 35
75 86
5 43
72 13
51 43
24 45
55 93
56 7
59 27
7 21
72 60
22 92
5 16
66 43
46 89
42 67
17 24
41 73
49 60
88 50
57 87
46 71
89 6
14 64
80 87
22 15
34 38
46 44
25 59
69 57
96 48
24 15
55 75
16 17
81 92
59 60
40 88
48 34
1 57
46 43
80 50
78 59
48 71
92 95
43 93
64 38
6 33
82 81
44 76
9 66
87 94
35 82
1 9
70 21
51 10
96 3
33 75
40 95
33 80
22 18
51 2
44 47
35 31
8 76
11 89
74 74
46 60
6 64
48 64
39 72
47 35
56 34
10 14
36 38
52 29
20 8
34 19
10 89
10 70
69 46
53 11
34 74
72 69
54 19
42 68
14 95
9 95
85 68
78 61
93 43
34 77
18 64
25 69
38 51
47 23
55 73
97 58
51 81
96 70
22 58
87 9
48 51
73 72
53 79
98 33
23 25
41 56
86 88
10 60
7 39
70 36
X
25 82
16 3
40 56
67 21
23 31
69 98
51 78
93 23
31 45
4 87
29 55
89 86
61 66
11 2
71 25
68 78
11 68
81 70
16 98
81 26
7 89
40 48
6 1
10 49
52 20
29 18
68 47
63 17
9 17
54 62
23 60
1 52
7 56
8 56
10 71
69 28
7 28
70 10
19 11
72 31
73 9
16 68
85 75
85 73
58 96
59 94
86 77
45 11
74 10
22 76
42 39
98 64
49 72
9 19
33 89
34 72
22 55
14 63
44 57
48 37
25 97
87 31
15 21
48 53
7 92
82 87
88 3
70 97
69 50
33 22
6 69
87 74
44 21
57 88
19 46
4 58
46 10
22 34
25 91
97 27
18 52
44 26
4 27
67 59
74 18
22 47
27 32
52 58
3 38
98 47
71 8
93 89
33 21
50 56
20 83
85 8
80 60
10 61
94 79
1 13
65 58
70 83
96 33
95 13
37 18
7 46
73 37
3 24
70 98
13 41
7 13
84 95
4 83
97 2
76 34
24 49
26 18
94 9
35 8
21 13
91 51
2 50
51 90
16 28
2 54
5 42
43 39
35 85
48 19
57 43
65 9
57 40
36 21
79 45
60 68
4 85
6 71
50 5
22 12
4 82
3 58
11 98
21 38
95 55
25 83
12 67
51 59
29 85
48 69
52 33
8 17
X
93 71
91 59
56 8
25 61
65 84
24 80
93 32
34 48
19 55
41 85
18 63
34 31
93 74
35 77
7 71
38 41
30 55
78 65
95 94
39 93
32 22
26 98
30 52
26 68
43 63
1 55
92 53
83 49
67 88
42 20
91 60
83 98
78 10
13 21
90 31
97 87
87 16
65 32
3 85
62 36
87 91
86 73
56 41
50 58
90 97
57 21
23 64
93 29
28 52
5 58
27 77
86 38
87 33
93 15
90 83
22 98
65 43
19 40
66 94
85 30
73 19
65 56
69 96
54 16
69 4
59 18
12 10
38 77
65 71
27 1
61 62
7 75
75 37
24 77
94 72
34 56
58 37
23 18
4 39
15 38
60 63
25 57
56 83
58 40
18 42
65 95
70 27
41 20
75 0
97 36
70 37
73 21
63 67
32 88
42 76
17 25
63 40
14 52
28 33
8 36
25 26
5 14
84 28
85 18
53 12
84 63
71 9
38 42
38 89
26 9
77 71
29 2
46 55
93 20
85 54
79 30
8 53
57 52
54 6
35 23
12 49
91 45
54 24
3 21
89 65
47 92
31 98
66 20
14 56
56 11
39 52
46 45
84 3
29 6
69 95
82 12
94 29
42 91
40 16
25 12
20 98
96 44
44 69
90 69
19 44
26 89
93 33
25 86
44 70
54 51
29 41
97 51
81 77
96 19
46 53
92 66
26 4
71 75
74 81
95 12
81 49
36 33
57 94
24 4
8 14
83 90
50 53
47 73
11 12
62 39
3 6
34 28
43 14
73 80
56 53
32 78
21 9
80 82
85 53
47 9
40 24
26 39
33 51
65 93
40 22
4 60
75 80
66 59
55 1
19 5
52 83
89 42
32 20
38 76
54 53
78 16
40 89
78 81
47 78
7 49
39 86
60 23
77 14
79 3
43 6
34 43
74 63
78 91
31 47
87 19
25 24
10 16
48 86
54 84
28 59
0 64
72 32
17 65
93 40
36 67
47 48
1 91
90 84
2 65
68 72
43 24
72 86
15 76
88 23
62 78
X
37 23
15 94
12 63
50 85
19 34
82 2
23 36
20 43
12 87
15 95
17 97
97 42
X
98 49
46 15
44 94
3 69
71 38
10 36
57 14
X
76 42
69 66
91 25
21 46
33 79
90 54
79 50
76 40
54 20
35 27
31 1
47 37
40 53
45 15
30 18
98 86
57 92
43 5
49 8
58 6
97 56
38 6
94 39
96 0
88 18
4 67
45 52
84 14
59 25
4 24
10 75
60 33
77 58
94 53
72 74
73 75
4 9
21 44
30 79
13 70
15 79
5 71
76 73
30 22
49 66
71 95
5 52
95 45
6 22
19 70
55 47
61 40
22 16
75 70
59 61
25 89
8 82
54 82
6 49
61 93
82 46
30 91
1 23
95 74
46 19
98 21
3 25
22 57
65 5
74 72
62 75
96 65
39 32
77 4
61 38
94 19
34 40
52 82
33 28
7 20
24 55
5 30
24 48
69 30
42 60
38 7
39 56
82 54
4 59
55 21
43 69
54 64
33 39
8 19
73 29
58 39
55 87
82 19
81 93
30 67
74 79
74 54
38 22
71 58
55 4
9 38
21 92
69 8
46 34
87 93
74 98
X
58 79
40 17
11 58
55 83
70 59
95 38
98 95
45 76
32 1
48 92
91 65
16 33
5 0
35 13
97 80
75 54
83 63
87 96
39 80
52 74
36 60
94 81
68 4
59 56
75 38
3 40
82 78
96 23
93 41
97 40
8 70
29 65
21 74
62 65
49 34
89 43
4 12
64 8
31 69
77 65
89 25
57 24
12 55
7 58
34 78
57 5
49 90
69 24
93 64
59 87
24 42
81 55
84 29
53 37
72 42
91 43
98 85
30 80
49 86
95 40
16 7
78 23
51 52
68 55
22 7
92 56
10 44
18 7
67 3
52 22
77 64
88 95
20 76
89 44
70 58
4 88
38 83
91 5
66 6
10 46
61 90
87 34
80 49
3 39
65 45
5 32
53 66
84 12
90 92
75 44
20 40
96 10
76 19
5 35
45 39
20 63
77 15
72 55
47 13
90 25
30 81
8 97
40 85
58 66
40 51
16 66
26 90
60 6
73 45
92 81
38 11
30 56
98 17
50 37
94 21
94 24
29 74
77 73
91 24
26 46
89 16
35 7
29 48
72 58
57 38
32 28
48 8
72 68
72 0
24 37
47 40
11 48
15 58
14 85
24 39
71 64
59 78
72 51
8 23
73 23
21 15
12 85
29 35
72 95
30 33
91 94
89 39
67 47
77 9
95 69
64 85
61 24
74 45
43 8
13 28
45 55
17 57
26 21
39 35
14 91
9 32
16 73
77 94
85 82
81 22
59 41
8 79
11 64
54 60
72 26
15 49
32 77
84 34
68 76
52 23
55 34
62 73
48 93
56 2
93 56
23 19
49 24
68 21
55 10
27 22
75 92
40 37
34 59
51 79
66 47
15 72
55 44
38 55
37 81
32 98
90 71
57 91
5 15
28 67
52 15
62 50
67 76
97 19
72 36
30 97
42 83
65 86
32 94
58 17
56 65
38 97
68 70
76 81
86 4
35 74
94 94
45 1
6 8
70 89
36 93
79 78
42 81
11 23
55 72
79 83
87 57
68 39
52 39
15 83
25 46
76 14
61 83
10 20
79 92
91 97
83 80
70 81
17 61
10 33
69 93
63 81
11 41
37 15
60 39
20 81
11 74
53 0
31 75
94 7
28 4
81 34
77 75
35 42
96 14
37 43
24 72
63 49
87 20
36 64
71 61
86 82
60 82
79 33
37 85
98 40
11 40
53 42
77 32
18 55
82 5
37 73
36 89
3 35
15 66
84 91
53 69
31 70
65 51
20 44
90 42
9 23
46 30
80 95
98 26
81 60
34 60
78 85
15 42
66 22
37 6
36 82
93 30
80 70
70 96
45 22
89 49
80 29
71 80
33 15
84 56
74 20
44 79
40 33
64 93
46 54
11 19
52 77
50 43
60 3
6 35
60 41
24 24
37 84
90 18
60 84
11 94
49 18
79 55
25 45
X
71 74
84 64
69 2
80 13
69 74
28 21
14 92
37 45
48 40
51 8
51 74
16 53
22 59
79 70
51 7
75 31
17 49
91 72
87 53
81 46
43 47
64 6
42 18
49 74
44 83
20 39
40 39
97 23
28 66
26 38
22 21
46 29
8 84
43 75
86 33
2 81
78 45
56 24
41 36
64 75
40 82
7 52
60 89
55 28
96 51
30 94
36 92
22 11
8 71
76 51
3 83
48 66
50 12
49 69
32 36
77 88
78 60
88 93
70 94
9 69
9 49
49 41
59 11
94 62
43 10
3 88
6 86
62 91
43 86
7 87
83 16
6 3
36 17
15 25
87 67
37 53
26 53
21 91
61 0
92 64
42 66
28 60
53 3
53 46
4 47
40 18
41 9
33 59
86 8
53 53
81 18
29 46
94 58
93 11
5 69
25 80
3 57
18 58
25 25
X
24 41
36 87
59 67
43 74
67 58
1 76
38 27
75 98
83 1
51 30
82 34
51 19
5 5
89 52
18 96
64 39
29 0
23 74
6 16
51 89
40 19
46 82
38 82
90 68
7 81
93 88
31 20
13 50
80 36
4 53
57 80
70 48
30 2
95 57
61 28
75 73
6 5
34 25
66 10
5 47
50 3
94 12
61 75
53 58
5 78
6 30
70 65
15 98
95 76
65 31
18 93
31 22
86 65
81 21
57 78
46 39
75 64
72 52
27 48
43 18
24 73
76 4
75 55
34 58
21 73
10 8
37 41
61 61
45 75
35 68
32 80
7 55
45 93
78 28
0 12
37 14
52 92
90 36
5 60
90 37
65 70
25 21
67 48
25 38
14 8
48 48
80 89
12 20
35 45
39 30
51 61
40 20
86 12
33 55
58 65
50 24
84 87
63 64
95 33
66 64
76 15
54 12
84 19
95 92
26 31
7 15
22 96
88 71
9 81
51 85
28 3
56 5
89 93
43 79
27 81
78 94
91 33
73 36
32 70
89 64
14 36
5 38
75 93
96 71
23 30
12 95
89 26
12 48
28 16
18 60
84 80
53 77
68 94
81 45
97 45
15 1
26 42
55 90
74 83
12 73
46 63
45 68
40 73
71 72
97 85
86 79
79 44
53 1
72 49
9 47
25 22
11 55
21 10
92 20
10 83
19 56
74 16
X
58 72
43 91
33 35
46 38
71 73
39 87
5 28
1 51
13 85
57 25
88 58
6 2
8 10
97 79
31 0
18 33
38 85
84 75
29 77
88 77
95 89
16 9
10 87
4 55
61 72
53 57
20 23
42 44
70 73
8 6
74 76
62 57
46 46
71 14
36 83
59 83
19 22
43 15
94 69
5 31
82 97
8 39
12 72
85 72
80 7
42 22
31 63
4 29
64 43
45 54
39 62
41 37
52 89
70 4
30 9
77 70
2 35
19 25
46 94
68 56
13 64
39 26
57 46
12 2
20 9
4 6
53 21
71 0
33 49
92 6
69 59
3 89
32 51
12 16
39 61
8 65
89 23
29 98
60 18
44 33
85 81
87 78
22 19
54 73
85 34
74 50
56 47
12 88
82 56
9 26
17 1
19 42
63 28
32 79
5 11
15 12
48 88
63 56
82 86
59 75
92 38
69 6
26 26
66 42
36 22
70 82
51 63
55 7
11 66
87 17
49 56
5 85
68 54
21 39
85 64
26 85
8 5
32 85
16 50
7 33
73 62
32 91
13 58
17 60
55 29
98 3
46 96
29 40
29 32
25 85
38 14
12 45
57 65
91 31
70 74
20 1
61 94
80 21
65 94
1 14
14 13
40 83
52 45
75 62
5 82
44 62
98 2
30 84
49 73
32 13
31 74
79 19
X
79 49
65 91
69 39
66 4
34 18
88 25
88 92
29 76
88 81
48 82
2 96
89 12
15 39
84 81
63 37
1 15
77 85
39 88
50 51
43 32
80 64
1 12
95 1
54 13
58 62
1 82
52 17
48 42
92 7
63 53
47 76
90 35
54 95
2 47
1 92
87 28
32 89
41 89
78 63
57 72
14 93
47 93
58 41
84 37
96 85
89 57
90 72
93 82
49 87
5 86
71 10
3 54
58 45
95 43
20 30
80 11
10 9
95 28
22 48
22 79
17 98
98 25
48 73
62 8
13 54
49 29
67 93
78 12
9 90
28 18
25 62
62 38
20 65
30 45
89 50
14 84
66 82
82 70
85 9
91 70
17 74
70 90
35 51
85 10
84 83
55 14
57 13
51 5
72 88
45 81
17 52
37 28
54 15
64 10
26 13
8 52
98 93
98 0
34 11
26 8
81 10
59 45
50 11
9 57
67 94
49 58
81 58
61 10
8 94
71 47
7 79
14 58
84 20
71 76
38 13
48 58
44 20
1 86
16 24
57 4
72 14
29 36
64 17
81 74
96 25
53 38
45 36
73 46
58 78
97 96
28 41
47 95
53 13
29 47
72 4
14 65
37 89
46 91
94 76
57 27
49 28
15 41
76 75
24 82
5 63
32 23
6 76
22 65
93 93
37 67
3 53
56 71
47 14
45 56
49 70
66 74
38 60
49 65
5 40
94 3
65 19
94 74
80 97
76 21
61 92
88 54
96 93
23 84
24 60
30 8
71 65
38 23
95 62
89 90
89 17
50 19
6 65
97 54
2 97
43 83
63 11
12 53
56 46
37 44
38 78
47 53
25 23
24 16
87 36
3 23
77 80
79 12
75 75
60 0
79 54
88 15
88 14
52 64
17 18
84 94
49 52
35 76
76 62
84 59
68 22
8 86
77 79
17 69
79 57
50 92
18 45
75 35
92 96
6 11
2 19
58 3
45 85
90 20
8 8
45 47
69 5
59 3
23 57
71 55
87 56
26 25
23 81
21 97
18 2
4 26
4 93
56 6
37 57
38 96
96 55
36 68
14 73
13 62
11 36
38 45
77 62
34 71
23 54
72 9
23 56
56 58
86 24
23 79
78 89
0 93
64 63
13 27
33 7
70 14
57 45
50 63
49 91
55 67
22 87
95 37
92 21
23 12
3 76
74 4
74 58
15 35
14 48
19 79
91 53
38 91
92 4
11 76
80 69
53 52
94 43
66 71
97 17
74 60
14 5
79 94
84 18
54 70
25 41
42 11
44 39
33 52
55 26
35 32
12 79
69 52
44 34
37 51
1 94
21 58
44 46
41 79
2 73
82 77
12 38
35 24
39 84
37 93
14 28
17 2
29 79
5 56
5 29
83 64
44 30
18 78
55 98
13 24
87 18
95 53
8 11
66 80
82 98
79 72
55 22
17 89
61 2
94 10
51 62
2 1
28 15
69 23
6 88
73 5
94 38
61 60
45 90
48 95
57 39
59 26
75 22
31 37
28 62
32 74
79 71
67 24
30 21
55 62
68 88
7 61
30 60
21 11
36 76
70 29
96 91
63 27
8 55
1 67
93 60
97 41
X
86 9
17 70
63 23
39 20
28 73
77 61
9 21
93 53
73 25
23 43
50 40
52 57
98 54
76 59
66 56
84 73
56 82
36 31
48 94
10 27
80 5
63 79
55 78
55 27
98 92
78 88
9 77
77 35
88 68
1 47
71 78
10 10
79 29
86 15
43 77
6 14
80 57
44 84
5 13
24 25
63 19
95 81
32 71
90 67
12 22
74 30
1 53
4 16
33 36
68 77
8 45
46 93
12 17
79 4
36 56
86 7
53 60
22 61
79 86
55 58
21 60
64 46
21 67
73 87
6 79
80 0
68 79
33 29
5 48
26 48
90 40
12 23
15 80
55 70
8 63
93 72
44 15
24 18
97 26
59 65
63 3
54 76
57 71
8 22
91 73
59 89
91 69
70 24
22 66
7 27
17 72
3 68
63 12
48 81
29 73
6 75
60 76
11 18
69 65
23 52
21 79
76 90
84 5
84 88
37 64
90 22
83 48
74 59
38 53
4 2
76 76
5 70
92 35
22 5
68 41
73 34
22 71
49 36
82 13
60 72
35 14
28 9
33 47
86 60
88 44
14 4
82 26
95 3
25 92
59 23
21 64
35 64
62 40
60 75
50 41
92 43
46 81
23 94
X
10 54
91 86
80 8
93 73
48 79
11 10
35 80
57 69
41 42
63 61
65 34
53 93
33 37
43 22
63 6
74 31
14 15
9 91
20 53
87 55
93 79
95 6
44 87
16 41
77 46
76 38
10 58
83 20
16 25
81 30
41 26
58 22
54 47
34 39
60 48
83 0
25 75
21 66
10 69
2 89
3 52
13 25
83 8
98 18
66 45
3 72
2 29
85 37
16 90
93 57
4 38
35 40
41 23
29 3
11 13
5 39
69 89
72 38
34 57
23 76
81 97
20 75
51 95
32 86
97 65
92 34
59 53
63 45
40 0
70 63
65 66
42 3
43 11
41 82
20 24
54 3
77 49
86 29
3 95
66 44
49 17
39 85
12 9
38 94
49 76
15 17
11 24
21 65
11 67
57 75
88 90
30 78
46 62
38 70
97 95
59 84
12 90
49 5
91 1
6 48
60 36
74 2
20 78
92 68
48 41
73 63
48 24
87 92
84 52
25 7
73 8
44 77
65 37
64 89
98 87
7 93
61 81
80 77
88 17
6 4
93 90
53 97
37 20
72 56
76 89
83 47
3 71
69 58
63 52
41 87
82 35
62 23
26 7
3 63
7 98
98 53
96 9
77 48
87 82
65 44
95 26
43 84
48 13
96 30
56 15
8 54
21 55
47 42
15 55
3 77
36 74
67 38
85 6
77 34
74 17
77 63
5 44
66 62
46 8
13 18
38 81
75 71
22 56
66 46
79 34
57 82
47 96
63 71
28 26
38 28
37 19
13 7
77 90
24 58
55 33
74 73
84 85
61 8
83 74
91 18
66 48
66 65
23 28
11 28
70 55
45 62
15 4
83 88
81 78
88 63
36 28
97 0
77 31
85 11
19 72
89 54
23 6
84 72
54 28
36 37
19 88
25 56
88 56
93 81
53 90
66 3
32 59
22 63
34 49
87 40
14 25
46 65
69 97
40 57
95 58
86 56
65 7
40 87
41 5
50 49
77 50
47 80
24 78
97 47
35 69
47 34
7 40
72 59
15 85
45 63
54 14
13 22
37 0
7 51
93 51
39 64
14 2
74 6
3 80
59 62
91 39
22 54
81 1
27 73
45 58
8 43
67 79
85 85
74 96
54 41
63 2
12 74
48 17
35 67
57 81
80 20
78 18
24 69
41 58
53 27
31 60
33 85
58 91
63 8
97 46
17 66
4 61
89 80
89 36
75 29
68 51
16 71
71 59
90 74
75 85
48 54
80 61
7 37
12 96
26 33
79 65
17 88
7 65
39 16
57 6
85 78
53 50
50 35
65 55
47 86
48 59
62 31
10 73
54 31
14 55
14 82
80 75
45 60
50 34
42 88
23 27
69 3
87 37
38 17
75 78
19 20
29 57
18 90
69 82
96 80
94 13
18 88
79 85
92 33
64 26
26 29
66 76
54 37
21 76
29 21
7 53
77 76
79 67
22 43
83 82
66 75
14 12
67 7
X
48 91
46 52
93 66
82 52
51 17
47 16
17 75
57 9
90 1
65 82
5 4
9 3
98 1
11 45
85 38
15 47
93 94
38 73
33 20
26 45
33 81
87 95
36 84
66 85
72 29
9 54
79 28
31 81
72 44
7 78
75 6
22 29
39 33
22 68
11 70
58 94
6 36
78 4
30 77
47 63
78 54
83 75
66 5
2 57
91 38
33 62
90 33
0 82
6 63
88 87
61 1
92 59
50 91
33 91
91 68
30 75
57 95
25 4
16 84
44 22
50 87
64 94
98 39
73 73
33 70
65 39
28 43
89 24
41 24
23 45
10 47
29 56
71 90
61 16
70 45
81 50
16 47
70 70
14 78
62 76
78 47
32 29
98 89
19 12
95 85
75 94
50 39
44 6
34 26
23 53
36 63
40 10
15 82
48 76
29 52
41 15
85 17
87 66
22 77
66 73
77 30
62 48
6 56
65 57
80 31
26 69
5 25
41 39
40 6
49 79
95 24
91 84
9 12
60 59
34 68
21 25
97 38
51 6
2 55
93 3
13 94
35 75
63 31
0 97
71 51
90 57
31 3
69 29
79 37
4 32
83 34
19 10
0 63
59 6
24 12
54 69
18 18
39 78
31 38
56 81
39 34
1 29
81 84
44 95
27 9
22 39
28 76
70 49
55 89
24 44
24 86
55 12
93 70
92 45
72 34
18 89
49 38
69 92
65 83
84 61
87 42
66 54
82 0
51 24
14 24
81 11
83 79
35 21
54 88
74 35
1 70
22 9
24 68
32 66
34 69
45 17
52 53
82 92
45 0
20 7
64 11
50 21
69 41
32 67
5 6
39 77
30 46
94 91
91 36
90 24
25 93
78 30
29 72
42 12
86 45
58 60
85 92
19 82
17 13
56 4
77 77
91 54
2 80
82 58
35 26
34 62
37 35
75 25
32 16
57 83
26 82
49 97
82 83
56 48
35 79
25 77
80 98
0 86
0 59
28 23
10 24
98 9
20 71
78 75
89 78
42 42
65 29
28 2
33 74
77 16
24 56
9 9
83 35
46 56
66 70
92 13
9 94
42 43
79 8
82 39
55 41
56 86
79 32
16 91
10 28
70 3
83 6
66 95
19 93
14 11
12 13
74 93
23 83
37 30
84 84
81 69
10 56
25 29
36 80
90 94
43 90
14 37
18 98
82 15
96 27
86 85
36 65
39 25
7 35
50 86
76 13
53 7
97 24
6 9
51 3
90 60
7 36
52 79
12 39
91 91
43 9
82 68
7 25
38 86
46 17
2 56
14 50
70 64
89 5
19 95
24 31
18 13
46 92
72 63
95 86
50 64
18 34
76 77
13 37
43 30
64 95
85 31
24 20
24 87
73 18
10 55
8 51
32 65
39 0
45 87
96 64
68 29
50 18
63 70
84 66
24 57
18 40
25 49
81 83
1 11
58 73
81 29
55 24
72 20
48 80
94 0
98 7
2 10
86 11
8 35
34 89
72 45
13 8
64 12
48 62
44 14
53 51
67 50
56 90
8 78
84 36
80 32
88 4
16 69
94 25
14 62
14 39
50 70
33 32
69 48
39 39
13 55
55 49
35 81
72 35
86 86
63 78
7 59
83 46
45 91
12 65
7 32
64 90
77 84
52 46
36 69
91 77
27 28
5 1
47 38
X
26 67
57 86
35 56
44 29
45 94
80 3
19 64
76 72
21 68
96 20
56 63
20 96
62 59
68 17
74 89
33 95
11 39
66 18
9 83
28 13
27 33
65 33
17 42
68 23
11 97
60 26
22 31
17 4
57 54
53 48
69 17
0 77
40 41
18 35
67 89
38 21
15 22
55 77
95 48
90 93
63 82
80 2
35 94
74 95
9 80
32 14
50 57
91 76
44 71
5 83
27 59
90 62
54 96
31 34
49 68
41 65
52 42
39 29
9 68
37 11
52 81
75 77
31 23
76 30
69 73
71 26
87 70
21 35
27 31
67 23
78 1
19 74
36 91
89 41
97 20
78 71
26 86
27 79
64 64
66 55
19 7
23 93
79 22
81 14
16 78
79 63
90 39
40 96
73 10
49 13
78 87
30 74
65 63
85 77
35 47
39 58
50 33
X
27 7
13 39
32 33
85 76
60 67
86 21
40 3
57 10
27 84
87 84
5 95
38 44
31 48
67 78
58 14
9 50
9 93
82 80
66 26
75 32
80 33
57 22
22 45
52 50
62 79
8 18
43 92
11 83
56 85
55 40
28 68
82 96
71 57
38 47
84 35
5 41
21 31
10 48
8 66
2 82
39 28
83 33
25 34
13 34
19 9
29 23
13 19
7 76
18 16
8 81
18 0
13 36
50 4
26 40
68 10
56 27
81 47
90 45
25 58
26 37
11 63
10 13
63 65
94 64
82 50
53 56
8 72
58 11
65 75
89 14
7 70
45 89
45 53
1 81
80 26
86 74
67 73
80 23
55 45
41 11
41 22
61 56
28 45
53 22
6 41
95 0
42 80
78 58
74 25
45 80
25 3
1 59
87 32
80 85
46 4
X
64 61
73 94
82 1
83 92
83 65
98 44
15 87
38 56
53 16
46 87
22 52
52 48
63 93
70 56
87 12
34 24
46 66
42 96
75 52
73 3
12 54
41 93
4 10
51 91
3 90
77 22
43 95
66 23
78 22
87 54
43 70
25 43
95 87
64 3
14 26
77 29
24 74
94 11
39 5
75 57
X
36 95
66 30
43 96
10 76
29 1
57 41
18 82
91 21
3 31
35 0
X
7 30
28 53
22 41
19 68
15 51
45 67
66 39
94 28
50 76
13 44
3 45
26 22
42 14
39 55
9 55
76 88
73 76
88 67
31 42
37 33
46 77
38 20
17 29
11 20
84 8
15 18
75 10
74 38
41 94
9 48
65 30
92 39
6 45
52 30
39 96
6 15
81 67
16 49
58 42
73 57
45 78
2 28
61 64
97 21
82 82
22 93
6 66
1 77
34 34
4 81
84 23
87 88
47 51
7 14
21 24
8 38
47 8
30 34
29 45
35 72
78 86
47 64
62 29
65 47
42 75
49 67
86 14
32 34
94 20
13 9
20 69
41 63
32 92
92 54
44 25
39 19
6 34
40 84
60 28
63 10
32 60
46 12
54 79
82 84
28 47
2 34
13 17
77 37
4 96
36 71
18 97
20 3
64 71
41 50
43 17
29 33
92 41
8 16
16 97
96 62
35 71
85 42
14 14
14 49
55 48
61 69
49 44
6 47
47 72
83 12
97 15
85 83
29 49
60 73
83 23
56 20
66 7
70 41
36 46
66 27
12 28
20 35
69 44
49 21
88 49
40 49
36 40
1 87
39 6
9 98
21 57
76 79
87 87
28 71
58 33
72 8
69 81
75 17
37 32
72 39
87 64
54 57
72 73
30 47
79 24
35 83
38 84
46 47
91 41
33 68
97 44
4 54
56 62
60 54
18 8
67 43
82 22
80 76
48 65
22 60
93 31
18 79
75 24
42 79
84 13
49 94
43 19
35 91
24 50
55 71
52 25
18 54
64 66
11 87
84 22
24 3
76 50
96 15
39 70
29 9
67 32
68 71
57 26
58 55
58 84
50 27
2 9
21 45
66 88
48 89
91 23
83 17
77 41
89 31
34 20
57 67
72 3
58 74
X
13 46
18 91
69 9
54 4
66 84
50 36
85 60
67 72
64 28
5 3
3 60
56 98
26 83
41 1
97 9
29 19
55 94
83 81
76 18
45 29
6 82
12 36
21 43
56 39
95 29
4 86
84 47
33 63
19 41
66 90
14 34
90 32
74 51
58 69
20 33
52 96
62 77
12 68
88 27
35 59
69 60
38 46
38 12
43 57
74 36
38 66
98 43
88 35
27 40
72 46
15 52
82 21
31 68
72 50
78 38
21 34
97 94
59 28
82 93
88 7
31 18
49 7
72 28
24 22
11 90
58 24
91 82
19 54
45 42
90 15
29 78
53 23
8 64
21 40
75 65
4 21
80 71
71 13
60 1
13 88
11 27
61 73
18 1
7 18
66 8
56 84
74 55
13 91
41 45
62 16
42 90
80 25
43 58
89 68
90 30
38 71
62 92
37 98
32 17
31 55
90 75
47 12
30 40
62 60
72 94
13 20
33 86
29 26
72 40
64 37
71 54
86 36
8 20
16 60
83 57
98 81
69 80
38 49
98 32
75 79
64 56
56 26
61 74
1 24
58 10
15 89
9 58
29 43
76 67
47 56
44 92
30 32
40 44
88 13
23 11
12 35
55 69
68 95
33 50
0 47
78 33
75 40
57 84
64 18
2 61
93 6
92 93
0 22
9 22
57 20
9 6
57 31
37 31
53 96
50 23
29 90
89 75
90 59
11 46
56 93
45 26
86 70
50 82
62 30
62 69
83 21
9 16
26 24
46 16
X
70 50
55 63
44 18
68 3
48 90
24 32
60 60
90 56
96 47
X
88 64
95 11
56 38
67 2
14 17
89 34
80 66
23 77
28 64
32 81
39 59
97 3
94 73
35 86
56 32
54 93
54 45
14 75
94 63
96 82
82 69
87 71
69 21
83 25
5 8
63 43
62 80
15 75
55 31
52 63
4 17
77 93
67 17
10 11
39 27
73 30
65 96
76 94
47 17
4 97
61 9
49 19
68 12
35 58
37 91
74 9
45 10
91 67
82 17
6 13
54 5
31 28
29 83
35 50
13 45
5 65
46 5
38 30
20 66
31 19
35 33
97 71
52 7
43 49
49 93
51 60
52 47
48 39
11 93
17 35
57 56
43 67
43 64
7 50
23 23
42 45
94 14
28 81
21 85
6 6
55 61
23 98
39 15
71 81
91 62
56 72
51 73
49 63
17 9
93 63
30 16
19 24
0 10
33 92
86 6
19 52
30 68
92 88
44 55
71 77
39 63
83 66
92 0
43 23
8 26
38 79
52 61
95 44
48 21
54 44
47 58
89 1
25 33
72 65
35 88
12 14
82 79
51 58
35 93
16 48
74 7
66 87
75 82
28 31
64 82
9 45
12 98
94 2
92 73
9 39
47 97
4 40
27 66
15 13
41 86
18 25
12 40
41 21
41 17
48 3
43 89
6 72
83 85
52 9
39 9
54 61
26 54
97 32
91 83
39 60
93 42
76 22
55 51
41 3
X
86 55
21 53
79 60
90 12
16 56
11 75
50 6
16 42
66 19
26 49
6 95
X
34 36
70 91
40 55
14 10
24 33
55 23
8 15
86 19
47 33
89 94
66 91
5 66
86 30
10 43
89 96
60 22
22 70
85 91
97 10
58 32
56 57
19 78
76 86
27 13
42 17
60 66
37 25
93 59
72 2
37 34
45 35
68 32
13 63
55 0
23 55
41 12
89 71
12 76
79 1
43 13
60 81
49 46
67 60
39 49
1 61
1 73
39 14
29 71
98 8
58 75
56 23
63 77
65 40
73 81
7 41
58 15
22 46
73 96
50 2
79 82
7 29
7 95
34 80
69 37
6 23
92 12
81 44
37 83
38 52
14 97
39 95
42 93
92 69
9 36
51 65
72 22
9 78
23 16
35 87
82 38
24 81
76 41
32 50
57 61
52 54
81 88
62 72
2 26
38 57
39 76
8 87
84 70
23 39
35 95
8 9
24 70
23 96
57 47
24 88
67 30
38 34
40 59
57 93
47 20
55 57
41 54
53 54
15 74
78 17
23 42
47 29
35 17
3 91
57 37
41 2
78 8
20 74
92 31
63 36
0 58
78 19
27 44
16 58
54 2
72 64
17 51
89 81
12 44
46 95
74 19
78 2
65 4
64 55
55 53
74 70
24 52
47 10
5 68
68 16
64 45
24 67
16 16
61 25
91 35
X
46 76
50 65
95 75
30 10
75 16
45 41
66 58
97 39
19 13
45 86
0 67
35 20
24 47
66 2
12 62
81 73
27 10
84 16
23 58
1 98
43 73
50 20
62 71
67 80
52 35
83 83
49 30
35 15
42 38
69 63
58 61
59 63
40 86
62 90
52 4
97 37
29 84
46 59
14 9
33 72
85 74
93 35
47 11
49 23
37 46
13 13
43 85
65 60
53 2
53 81
82 51
58 77
54 39
72 75
95 4
37 97
94 4
17 68
6 89
20 77
71 12
80 67
87 15
68 28
94 60
62 83
85 32
11 26
62 6
72 30
4 89
48 67
34 85
13 15
11 65
51 77
88 45
9 35
44 9
X
76 2
95 91
78 24
5 53
85 36
91 12
81 56
96 95
16 86
14 79
46 79
93 92
58 23
54 49
88 16
96 28
68 25
81 80
86 52
72 10
9 34
8 21
98 79
29 24
56 61
90 98
27 80
64 81
10 64
88 88
X
7 19
80 91
63 55
64 80
44 78
75 89
11 29
15 2
73 31
90 91
8 4
96 78
88 12
39 71
65 46
51 39
26 61
28 30
53 44
51 18
77 28
67 25
74 80
76 36
24 54
91 46
22 91
28 25
56 21
13 61
34 65
53 61
88 5
69 55
27 78
25 53
23 7
48 60
89 62
91 63
84 78
11 86
X
53 65
15 64
X
6 26
X
95 39
33 87
44 48
24 36
X
X
19 80
10 17
X
X
X
X
X
X
21 29
31 39
87 38
13 79
X
X
X
34 88
39 90
71 7
X
X
7 80
9 67
47 60
X
50 62
X
30 98
60 53
4 76
X
X
X
X
X
X
X
67 55
36 86
67 22
X
61 47
14 19
63 75
X
44 54
55 19
X
82 20
97 43
78 82
39 45
5 90
84 1
X
1 64
62 93
X
X
45 82
20 42
48 77
X
X
X
X
54 38
3 30
X
5 74
X
X
42 24
X
27 14
94 37
33 17
45 37
60 85
13 40
X
X
X
55 32
94 70
17 40
70 31
56 52
X
X
35 49
X
X
X
7 10
33 38
61 26
X
2 49
5 55
90 70
X
81 48
X
48 85
X
X
56 87
28 83
41 92
4 3
X
X
69 72
90 0
X
91 16
88 2
51 86
36 50
X
5 61
X
X
X
X
42 5
26 12
X
43 28
22 30
15 34
22 13
X
0 50
91 92
18 62
X
60 86
X
X
X
75 91
X
X
28 72
X
X
13 86
80 30
18 65
8 30
90 46
51 51
X
31 94
X
X
29 75
X
24 53
56 9
75 46
79 10
63 76
X
72 72
X
61 65
X
98 68
11 54
76 28
X
90 76
17 5
X
44 50
17 96
X
17 20
31 92
79 84
X
0 15
61 89
X
40 12
67 41
55 5
83 38
94 55
X
17 84
X
X
27 60
91 4
X
29 37
87 3
X
X
X
X
43 59
X
X
78 79
88 83
83 86
13 59
X
73 95
X
X
68 24
42 63
31 57
1 97
X
2 0
X
1 72
38 68
96 26
77 45
65 48
X
76 53
58 21
X
X
62 88
X
78 15
64 59
X
17 7
8 96
X
70 95
56 33
76 24
62 9
79 87
X
X
38 58
X
X
56 29
8 47
X
8 49
6 42
11 33
28 42
X
X
83 40
55 79
X
X
19 71
X
15 91
X
63 7
35 39
X
X
X
43 94
77 67
X
70 8
77 89
30 26
X
X
86 37
13 33
18 28
94 27
9 25
X
X
20 55
17 6
X
44 58
X
X
X
39 21
X
91 34
50 72
X
96 57
X
87 80
29 42
44 37
65 17
75 21
92 22
8 91
X
X
X
X
79 75
X
73 16
32 2
X
69 83
X
X
30 15
X
X
7 2
57 73
35 92
42 10
38 0
42 95
10 67
53 28
X
X
18 75
54 83
X
X
X
36 45
X
73 86
X
67 39
X
37 77
86 83
X
X
67 26
X
37 92
X
50 7
X
22 44
41 10
X
X
83 67
92 70
94 92
87 43
91 44
48 31
77 91
6 90
20 72
X
12 46
X
X
X
20 62
79 5
12 6
17 17
4 94
30 43
X
48 50
X
X
90 63
42 78
X
X
77 47
X
39 68
53 17
43 62
69 68
57 23
14 88
X
27 64
10 21
24 94
46 18
80 92
X
X
28 74
50 48
27 74
X
24 95
X
18 27
52 21
26 41
X
X
82 74
X
X
X
X
X
X
X
X
X
X
95 47
X
X
80 54
21 94
X
95 14
96 11
X
97 92
30 86
77 24
X
94 46
X
54 58
X
27 21
X
6 84
X
18 19
39 51
30 30
X
21 21
18 5
X
X
21 2
86 54
8 12
X
66 66
X
27 98
45 43
X
87 46
X
80 22
X
X
X
65 69
67 81
X
77 69
7 4
65 65
X
83 26
46 21
52 60
22 42
X
X
X
X
X
X
86 41
39 57
33 11
24 75
X
X
X
X
X
X
88 53
92 92
X
52 73
X
4 69
27 34
63 35
X
11 69
X
X
47 52
28 49
86 42
4 50
X
X
44 96
31 93
32 41
74 22
2 86
8 41
83 61
20 73
61 77
X
60 71
82 25
X
X
39 97
32 3
X
68 98
X
X
X
47 6
58 26
52 56
97 59
X
X
X
59 66
X
X
38 31
22 95
4 71
X
41 48
15 27
X
8 57
13 16
7 7
6 98
X
67 74
X
80 65
X
70 80
70 46
16 81
58 80
78 14
52 91
41 57
70 32
X
X
37 87
87 44
51 34
X
X
86 53
87 52
X
11 91
8 50
X
59 96
X
64 49
X
11 72
9 60
X
44 90
11 8
31 25
56 31
X
66 40
X
67 63
39 11
81 66
85 25
25 84
X
23 2
27 82
X
38 37
X
62 25
59 92
X
X
X
X
17 14
36 49
X
53 74
X
X
X
X
58 57
31 32
X
X
8 93
73 59
42 7
66 34
X
X
8 40
85 20
5 87
X
46 33
X
X
58 85
76 71
53 45
87 49
X
36 52
14 7
39 17
39 82
64 72
10 84
X
33 26
40 77
74 92
87 35
27 39
57 51
X
15 77
X
X
96 49
X
X
53 18
84 65
22 69
X
35 62
X
69 90
X
68 42
66 83
93 27
52 51
29 4
81 96
5 97
X
X
X
61 85
X
X
51 25
88 28
36 72
79 61
11 56
X
56 94
65 8
59 38
69 22
69 53
X
98 50
24 26
96 89
X
54 63
X
X
X
59 40
67 70
X
X
X
87 7
X
X
X
51 50
71 52
X
0 68
X
X
33 18
49 12
X
39 53
36 88
X
15 10
X
88 41
85 16
57 90
5 20
X
67 45
53 80
63 25
78 35
18 71
28 50
X
33 64
24 59
39 44
X
49 14
X
X
X
74 64
X
43 1
X
37 66
12 7
29 97
X
X
X
X
10 32
20 27
X
41 75
X
23 47
4 49
X
96 36
X
81 85
98 31
X
X
X
6 21
X
77 21
X
10 93
90 65
X
27 58
29 81
X
X
X
23 35
X
93 91
38 1
X
X
X
X
94 59
77 56
49 57
X
74 87
94 44
82 48
X
X
11 22
4 51
67 77
24 84
94 77
80 45
X
X
48 45
43 37
40 25
X
X
X
21 17
X
80 93
40 23
35 63
X
90 51
X
61 53
85 51
45 40
X
6 94
55 88
21 72
X
X
17 16
X
77 13
31 26
81 86
60 56
X
X
X
90 17
X
28 80
13 77
X
3 32
X
82 73
X
34 41
81 25
10 37
13 14
X
72 89
X
53 59
X
X
70 44
95 78
31 2
55 46
35 10
50 79
27 90
X
X
43 53
93 78
28 57
65 90
97 67
5 10
30 39
17 54
X
X
X
98 71
X
36 73
31 71
X
X
20 58
1 27
68 80
60 29
91 98
24 6
52 6
73 35
28 58
X
X
75 72
12 1
42 36
X
54 21
94 83
X
1 68
38 33
82 31
X
27 91
X
X
40 60
29 50
X
47 28
X
86 3
X
X
32 31
X
85 35
5 51
X
14 18
X
83 95
23 90
X
X
X
X
X
62 51
X
87 85
X
X
X
X
X
X
17 91
61 36
14 69
X
18 59
64 96
X
X
1 19
X
71 32
X
X
77 17
76 93
X
X
23 37
X
X
74 21
41 67
X
3 12
70 20
X
96 45
X
X
48 56
26 73
36 62
X
X
X
X
27 41
X
1 48
X
X
19 73
X
28 91
16 92
90 26
40 9
X
X
13 89
X
X
46 64
X
X
19 57
X
X
X
44 60
0 69
X
95 77
5 33
X
X
X
X
27 83
71 34
X
84 79
65 62
20 14
11 59
X
X
83 94
X
57 34
X
6 40
X
61 29
X
26 76
X
X
X
13 23
67 57
25 30
55 82
X
X
65 49
23 72
X
X
58 4
X
0 95
29 68
X
51 4
37 36
X
28 78
45 24
X
X
79 15
31 86
X
47 7
X
X
X
30 37
95 64
X
15 53
X
96 32
X
74 53
86 18
X
76 23
13 87
6 85
X
X
72 47
X
54 1
54 90
X
35 19
79 14
X
X
33 66
X
95 70
85 52
X
X
89 53
X
63 38
75 33
58 54
97 57
X
74 8
58 7
X
X
54 86
X
X
15 96
91 20
X
X
X
78 31
10 68
X
X
56 42
11 61
X
76 78
X
X
95 65
55 85
X
0 98
X
98 51
50 67
26 28
75 51
23 75
71 70
X
66 37
77 51
47 59
36 30
X
X
X
X
15 71
X
93 69
80 1
X
41 38
X
X
34 95
X
X
75 30
X
X
73 43
21 28
76 87
20 41
X
X
X
52 52
52 18
X
80 47
47 70
12 25
76 66
X
56 69
98 78
20 70
85 80
2 59
26 78
X
X
X
59 71
X
X
57 33
3 27
