59 1
74 1
79 1
87 1
126 1
155 1
157 1
9 2
41 2
164 2
191 2
53 3
17 5
158 2
29 5
45 5
98 5
113 6
86 7
155 8
63 3
179 2
188 8
11 9
19 9
155 2
135 9
87 2
61 11
23 12
77 12
106 13
49 14
39 15
150 16
171 7
176 16
55 7
157 3
32 17
60 8
84 17
51 14
158 18
169 18
187 18
84 19
32 19
13 10
11 13
147 19
157 14
51 20
64 7
91 22
139 14
178 16
122 23
127 13
13 24
17 26
162 11
21 24
99 24
113 24
182 25
81 1
113 26
109 13
28 26
167 26
126 2
38 27
88 4
178 4
49 27
89 3
74 3
180 5
187 20
74 27
149 8
20 21
84 27
149 28
142 29
158 29
71 8
128 2
77 29
160 29
192 29
188 10
124 23
94 30
62 31
117 6
71 4
130 27
53 29
167 3
98 7
71 3
147 7
41 4
129 26
76 4
71 39
191 8
104 31
112 38
20 32
51 32
85 32
66 17
108 34
89 1
125 35
178 5
178 35
21 26
87 30
175 11
188 35
11 36
25 12
91 1
38 36
182 39
126 3
11 40
194 30
62 6
14 39
142 36
93 22
62 8
10 14
150 9
41 5
158 36
151 37
87 32
76 37
61 13
59 5
151 16
131 38
168 38
150 21
145 32
126 27
1 39
95 23
42 39
88 29
87 33
170 41
23 40
49 40
126 8
41 10
68 44
64 14
192 35
53 4
81 44
124 45
76 31
53 21
192 38
26 16
148 6
182 35
113 8
146 18
20 35
76 1
52 14
78 36
156 15
95 33
6 46
6 48
41 46
127 4
23 24
12 14
102 24
117 38
179 35
13 43
104 35
96 32
105 34
167 46
83 1
24 25
169 53
74 28
190 46
8 15
10 50
188 39
86 17
129 1
77 15
100 18
39 16
130 1
47 47
40 15
42 15
103 47
151 29
115 47
179 48
65 16
25 49
31 49
77 14
134 19
73 6
43 3
89 33
152 49
51 50
128 47
13 51
141 52
25 51
172 6
65 6
83 45
60 1
122 25
77 54
131 54
151 39
196 30
11 4
77 59
105 55
95 51
69 4
76 27
137 9
101 17
90 41
100 7
68 56
85 56
178 37
14 48
68 59
164 56
107 15
91 40
135 18
46 2
191 56
66 40
5 58
63 11
56 58
176 58
65 11
117 24
7 14
87 18
19 60
38 62
91 62
126 45
110 17
88 32
76 39
30 63
138 22
59 3
44 44
1 40
72 63
129 4
63 6
158 13
125 57
12 2
125 10
38 53
81 45
14 42
70 3
15 51
49 30
118 37
179 50
143 64
61 4
138 44
30 32
99 28
145 17
11 10
17 55
75 6
189 8
141 55
42 65
160 18
102 6
168 48
96 63
78 58
128 23
174 10
186 65
191 37
105 25
11 67
21 60
122 28
96 14
66 2
21 34
52 67
145 22
182 48
96 50
178 39
54 67
126 31
14 67
114 6
116 67
126 4
8 12
124 67
26 47
145 40
40 27
47 53
47 3
188 66
192 9
83 68
147 9
127 8
66 15
130 23
191 57
130 2
102 68
79 12
1 22
69 70
134 70
68 16
155 53
123 31
181 69
169 32
127 52
4 71
26 12
124 13
175 6
13 70
7 11
74 59
176 61
177 60
164 4
145 36
17 43
194 56
2 21
21 62
68 49
83 70
168 72
118 43
120 43
171 46
182 27
85 59
24 19
32 31
179 39
9 4
34 73
14 69
55 73
49 42
158 41
168 74
170 72
185 73
173 61
189 65
44 10
9 6
71 71
32 63
54 20
194 52
40 74
64 51
113 9
121 74
28 27
97 62
28 52
130 52
23 16
19 18
40 76
101 12
162 19
27 73
191 4
30 66
120 41
124 46
142 54
86 72
62 3
43 46
23 7
159 74
192 2
11 76
169 27
29 28
23 32
114 28
33 66
168 56
41 6
45 2
174 76
94 40
24 78
170 26
15 79
171 61
145 19
93 79
74 80
71 73
105 51
179 53
16 80
2 39
128 31
8 30
55 15
17 7
38 55
35 31
114 80
34 33
54 68
108 55
118 47
11 11
192 5
70 6
83 81
152 82
28 72
21 83
122 31
97 15
138 18
161 33
77 13
70 44
87 81
36 73
110 55
152 28
108 36
53 41
66 5
155 68
8 72
115 27
56 83
39 18
170 39
134 76
7 84
142 30
95 13
39 70
156 5
7 73
179 27
116 28
155 42
120 14
49 84
180 52
107 84
168 65
23 13
38 65
69 16
104 39
69 86
31 66
44 49
83 77
144 64
131 55
81 86
41 83
98 50
54 40
78 60
142 33
138 45
191 86
182 29
30 87
98 88
154 70
67 40
48 52
88 53
139 76
125 79
21 67
55 67
28 40
147 88
45 9
91 89
49 88
110 57
67 32
65 19
153 84
7 46
23 65
131 57
114 89
98 14
136 89
21 86
55 21
191 52
71 37
125 12
71 87
90 51
180 35
171 38
106 17
133 42
156 61
14 44
89 58
159 40
6 22
116 89
71 36
180 90
126 13
23 67
37 51
152 86
73 86
80 27
117 70
1 91
24 15
191 22
41 91
49 43
119 50
124 68
161 83
180 39
121 38
42 67
135 10
34 26
41 17
70 8
16 67
157 60
39 91
17 8
190 49
7 87
33 88
147 91
29 7
21 84
126 68
170 31
61 93
42 82
84 93
159 93
125 67
3 39
193 93
93 82
86 8
27 94
169 58
181 71
128 63
168 75
117 27
96 12
183 53
74 96
81 77
181 70
95 97
55 3
102 97
151 93
75 63
84 20
70 16
148 90
40 37
94 31
24 21
29 26
124 97
97 12
30 73
5 98
94 81
109 98
118 51
5 100
12 3
118 83
140 75
139 74
168 52
133 58
193 88
1 95
42 17
159 76
84 21
148 21
47 48
150 95
150 31
23 41
34 17
6 77
23 86
169 59
66 20
5 62
55 18
15 69
171 53
132 98
171 72
174 52
186 100
48 47
174 53
172 49
84 101
160 33
145 18
147 22
193 90
118 90
124 47
81 88
38 87
110 39
152 31
3 91
126 46
98 8
87 99
154 101
158 19
109 86
2 41
41 19
12 102
158 31
21 68
97 19
70 76
65 102
197 57
56 62
107 85
84 98
171 75
145 68
142 102
151 43
42 19
17 47
47 50
29 103
170 33
127 45
88 94
68 60
139 81
22 83
177 93
10 2
112 36
13 72
74 89
85 33
119 37
41 95
108 32
27 84
124 78
180 2
166 83
146 21
41 48
164 57
79 39
92 64
132 103
108 72
146 23
172 31
126 99
172 65
130 62
45 104
94 92
154 43
132 56
133 105
179 104
80 13
75 105
95 99
11 68
1 92
72 65
44 36
193 86
189 19
54 106
99 98
190 18
150 19
54 50
184 37
81 55
51 35
16 51
43 98
75 108
87 95
149 18
95 30
33 95
89 56
47 10
190 41
94 42
186 102
47 104
3 95
175 78
105 71
5 101
107 35
102 106
99 5
19 61
34 76
99 12
5 103
110 32
159 18
162 82
65 46
51 33
169 106
166 101
176 79
193 96
64 4
188 100
127 111
147 54
99 113
99 17
143 57
116 80
1 93
24 81
48 55
186 66
91 107
178 76
136 108
31 97
6 49
194 95
7 110
57 35
108 110
154 82
38 112
147 67
170 21
196 93
50 113
138 108
23 21
176 92
24 65
193 113
122 85
148 68
45 110
46 64
172 107
98 90
140 80
126 28
24 114
62 1
63 114
91 43
4 39
73 63
51 51
119 57
37 74
38 66
165 60
191 48
109 35
175 102
43 50
78 29
97 52
13 44
146 76
111 75
21 8
188 11
12 85
95 14
47 110
27 81
49 10
52 47
42 66
137 110
27 114
145 114
78 37
145 52
15 106
59 7
115 51
15 42
172 109
82 4
91 23
14 115
161 75
28 98
176 97
99 8
124 87
39 17
114 83
157 53
81 58
127 67
69 40
25 40
79 16
105 73
56 68
52 101
24 20
34 20
142 123
4 117
57 109
94 90
74 100
176 117
16 68
179 106
176 19
136 105
106 19
190 101
49 54
131 39
147 75
25 15
52 36
158 21
167 100
161 116
130 25
124 89
71 92
162 36
183 51
74 81
91 118
42 119
25 68
180 117
46 67
64 95
27 74
176 76
50 55
83 48
47 55
19 8
108 113
155 38
136 112
132 38
85 34
51 21
122 111
119 48
28 121
87 7
179 59
154 57
43 94
169 110
102 107
11 2
76 107
41 74
42 75
177 70
178 69
151 18
147 89
70 36
78 14
179 92
53 5
105 60
21 28
38 114
151 95
177 78
12 5
24 87
147 57
150 20
152 55
52 69
6 102
77 45
107 119
43 66
169 74
75 119
51 55
147 102
31 50
50 30
141 81
125 119
125 75
123 113
167 27
135 119
34 65
124 91
153 93
17 74
168 119
49 28
156 120
191 60
171 120
53 100
100 92
98 91
108 118
44 43
79 30
69 71
17 121
52 114
168 26
70 50
24 123
97 50
188 106
52 68
104 33
30 91
62 35
39 19
141 71
151 28
85 57
11 78
100 12
136 73
182 2
188 73
170 87
141 74
170 123
172 106
7 48
186 103
181 101
65 50
68 20
152 50
51 43
29 105
86 68
65 48
141 59
25 86
193 29
122 86
43 48
76 92
24 127
170 76
106 15
120 56
13 25
188 76
186 104
61 1
182 91
169 76
134 110
31 123
106 32
22 36
56 67
124 99
70 125
132 126
161 21
92 107
130 3
104 37
16 46
62 95
8 76
93 67
133 40
134 104
189 126
160 106
39 36
70 45
78 51
136 91
55 104
87 34
12 103
68 57
26 87
42 7
148 77
135 103
28 79
191 126
182 52
177 72
124 84
33 29
13 38
68 45
42 123
158 127
190 104
88 97
93 109
53 113
103 50
101 111
121 77
52 75
12 107
192 118
6 104
91 92
124 80
164 74
44 46
24 27
49 85
11 6
1 43
57 85
50 125
76 81
156 62
129 65
151 40
9 128
152 39
91 129
92 91
193 2
39 116
70 18
31 95
150 115
196 95
23 6
69 89
66 74
83 49
189 100
7 85
13 40
41 44
146 56
91 133
71 6
143 67
149 68
120 129
26 78
13 88
2 130
109 130
84 95
53 33
83 4
69 7
103 111
33 17
28 42
8 112
185 89
74 56
107 123
159 60
98 134
169 48
145 130
16 72
149 75
19 101
175 130
77 80
75 80
70 128
110 111
57 119
55 52
84 94
78 54
50 27
40 36
186 88
165 76
185 91
183 102
4 94
13 56
179 28
137 20
125 27
51 90
85 71
53 54
120 67
165 77
54 3
117 93
168 62
118 105
171 122
103 28
99 108
38 42
149 118
86 124
91 2
156 68
132 63
132 99
32 98
179 79
186 90
64 45
130 63
54 55
8 84
57 76
70 48
118 85
176 83
41 84
52 90
177 102
35 75
117 9
102 88
24 129
7 71
76 96
67 131
63 47
169 100
19 6
4 26
95 69
18 73
68 119
89 2
42 133
149 29
83 74
134 54
63 93
136 109
50 40
33 5
116 8
111 110
24 42
42 113
143 80
36 56
140 91
43 137
151 134
86 56
181 5
8 77
142 83
6 50
127 122
67 16
170 89
105 97
152 133
94 132
22 34
97 110
110 15
151 136
21 63
80 14
24 79
76 46
92 93
187 92
51 74
104 59
65 106
125 47
56 20
53 36
137 108
188 114
9 130
125 58
152 135
23 18
102 134
136 127
188 117
191 89
52 117
14 24
68 115
21 36
107 68
152 53
31 118
88 125
154 133
91 3
195 60
104 99
23 35
38 91
157 133
20 104
159 133
20 33
52 119
114 12
158 20
74 98
50 47
2 131
21 100
106 127
119 104
87 19
97 79
91 110
46 119
91 120
43 112
32 89
119 58
161 136
5 25
159 103
16 70
46 38
193 3
9 101
108 122
123 110
153 82
91 4
173 6
11 80
128 3
160 135
22 134
119 47
23 26
115 53
24 40
49 106
162 115
52 76
152 20
114 95
39 65
177 20
8 114
3 43
34 18
104 89
30 5
39 41
158 129
53 118
66 4
22 17
22 137
70 120
36 20
168 61
89 120
50 75
32 108
49 44
168 102
77 119
50 77
158 63
138 111
95 25
143 95
122 123
122 56
69 72
53 35
96 66
68 136
52 84
75 7
194 89
121 75
24 136
27 134
17 80
124 85
97 33
31 53
172 110
174 30
13 128
48 2
104 91
9 103
34 109
93 119
77 100
53 88
7 111
13 53
159 96
42 37
27 136
28 141
110 101
117 95
158 60
13 54
65 115
135 113
59 4
43 82
69 56
184 38
56 134
130 28
106 14
178 32
31 7
166 85
58 134
41 96
91 63
56 139
58 138
55 119
71 134
168 46
34 136
91 64
35 135
136 76
35 108
12 67
10 110
35 20
115 49
44 113
34 138
57 21
177 18
11 91
78 16
37 135
44 115
161 42
152 37
35 139
127 85
37 137
180 91
60 88
124 124
72 6
51 41
79 136
149 92
81 136
106 47
83 136
82 138
15 132
67 105
153 52
155 84
41 86
24 137
13 36
123 23
180 124
93 85
150 88
75 121
137 113
47 51
66 114
122 124
76 5
81 140
127 27
44 74
122 126
167 29
54 108
63 50
145 65
31 127
170 90
29 104
153 49
194 2
109 84
113 10
69 106
53 104
75 102
13 13
56 118
80 73
93 121
31 6
130 30
164 86
84 140
44 137
98 67
83 143
92 137
175 97
43 85
188 78
182 50
189 21
37 76
20 5
103 48
93 23
178 101
119 43
93 136
183 39
95 137
120 69
91 130
44 47
46 106
158 135
105 57
110 13
83 83
125 11
41 97
108 84
141 56
178 120
135 120
192 78
78 98
4 123
183 136
17 67
145 134
193 115
161 29
147 134
120 60
93 69
182 138
31 5
184 139
52 102
70 91
150 28
64 31
40 77
185 138
29 139
193 4
35 17
95 53
184 141
184 143
47 9
138 75
56 84
195 2
13 93
54 100
5 29
54 52
137 121
22 140
123 121
168 132
179 119
56 89
27 129
186 141
21 104
189 141
33 103
104 47
152 51
52 40
117 53
182 4
115 6
40 128
14 74
2 133
194 46
188 22
3 93
75 137
121 126
91 25
90 1
138 91
3 137
86 113
155 4
111 134
65 117
193 22
17 76
142 119
166 87
64 73
98 68
3 139
9 88
181 120
162 74
147 64
104 123
83 3
107 31
6 137
5 141
93 129
128 52
69 2
101 5
71 106
110 138
22 104
75 133
138 19
179 102
41 50
52 70
86 81
112 142
174 27
128 71
78 99
32 56
107 13
134 138
133 140
104 101
137 138
136 141
37 73
169 138
11 37
179 71
195 126
160 19
17 77
40 124
34 56
88 112
24 17
149 88
179 77
40 70
111 113
169 144
125 86
161 94
170 143
24 12
28 125
78 102
112 98
31 120
81 28
175 139
140 77
146 77
176 138
158 30
105 31
169 46
119 108
25 139
180 50
176 146
10 140
11 139
49 109
138 94
10 142
118 84
191 79
31 115
111 31
12 141
193 5
33 7
112 132
141 95
106 18
8 120
17 133
103 141
128 45
178 18
106 140
50 74
79 121
157 5
156 105
104 144
43 70
116 140
13 73
81 128
116 143
121 142
136 75
74 136
7 119
71 75
74 83
190 102
59 6
178 83
104 68
126 109
136 129
47 49
119 143
17 72
126 49
27 75
26 49
95 54
48 50
119 145
49 3
40 62
25 78
180 38
181 27
123 105
33 52
56 87
189 77
168 91
120 144
124 145
87 125
16 103
69 93
111 118
72 125
125 147
27 139
137 75
8 13
148 75
124 149
173 141
39 142
62 97
89 112
16 137
49 5
188 40
191 77
148 131
177 142
162 15
43 74
24 134
16 116
63 48
18 115
133 114
32 127
142 59
175 107
75 83
23 17
85 93
45 108
29 114
178 72
41 145
8 71
15 24
137 98
142 41
188 41
161 124
188 67
176 20
41 112
63 95
128 91
98 52
22 135
183 104
7 117
112 39
107 17
25 66
40 148
61 5
70 135
56 59
149 90
114 24
154 142
157 143
174 77
106 59
192 142
195 142
22 101
125 89
81 30
159 94
193 146
17 9
195 145
116 51
102 89
25 129
135 75
102 131
4 40
38 39
61 143
61 146
159 78
112 118
77 98
56 3
22 141
142 94
32 5
53 47
97 107
62 145
78 126
121 104
55 117
25 125
66 31
139 41
109 121
170 133
13 135
94 22
126 48
166 134
31 116
119 28
49 47
53 24
65 71
122 74
139 71
154 49
123 90
66 116
51 124
35 110
48 108
141 143
145 145
59 85
24 119
90 103
81 2
62 130
44 94
90 101
148 104
20 116
104 131
187 65
66 49
38 40
103 124
11 77
55 24
141 150
63 8
32 94
193 126
76 28
121 59
22 16
148 149
33 91
51 144
53 140
148 78
115 48
74 131
51 146
90 109
94 62
55 144
54 147
194 48
189 128
157 68
167 86
176 106
165 74
175 76
49 7
133 144
157 138
13 102
160 127
52 144
132 127
134 24
49 87
53 138
79 125
186 73
14 108
133 146
84 75
16 42
53 87
44 37
148 133
142 103
135 144
29 97
29 118
107 71
83 2
135 150
180 94
137 148
28 80
175 82
77 56
171 9
129 45
178 122
51 47
23 134
107 86
76 145
75 147
174 138
76 150
154 71
41 47
78 149
87 145
66 76
28 41
12 132
133 38
87 149
137 89
72 127
4 146
6 146
112 119
4 151
177 109
77 57
24 117
137 101
181 95
54 36
168 76
10 146
80 16
185 75
125 124
82 73
12 146
28 146
31 147
42 77
77 51
31 149
189 80
57 22
125 77
86 93
71 104
161 18
20 148
21 147
20 124
13 47
12 76
21 150
149 78
41 88
34 66
179 72
193 114
20 152
92 109
19 151
125 121
103 64
25 147
18 152
160 129
97 97
190 73
87 4
26 114
102 69
105 49
26 117
9 112
192 82
134 148
15 48
23 151
107 58
71 88
135 20
85 35
16 154
78 129
86 21
19 156
133 110
98 147
7 88
158 107
151 22
157 101
61 95
49 15
133 126
21 5
55 47
97 81
173 46
166 56
65 120
30 98
102 147
171 11
158 110
103 149
84 28
155 82
13 52
83 73
51 137
150 118
86 111
50 115
118 81
178 95
64 3
84 96
72 88
168 28
100 154
189 130
179 109
99 153
102 152
109 147
97 54
132 128
86 105
165 91
123 91
111 149
112 150
132 113
113 149
6 133
155 9
8 149
69 3
122 133
54 102
49 150
168 53
187 68
48 154
74 150
49 153
88 114
103 88
9 84
77 27
140 83
134 105
130 24
48 156
52 20
49 155
90 123
54 151
55 150
162 130
48 158
127 89
99 109
35 56
71 149
166 2
120 120
125 122
56 151
56 155
157 146
139 83
54 158
194 79
115 86
141 144
101 154
6 52
146 148
4 41
38 43
38 124
100 5
76 33
121 143
43 126
56 157
74 86
137 150
132 104
13 26
158 49
170 110
136 24
119 151
94 43
169 19
46 65
77 120
41 36
178 81
138 100
95 79
121 152
57 73
105 27
187 21
39 39
135 140
122 151
121 154
16 69
123 153
130 65
55 100
192 144
183 152
27 116
38 51
35 49
184 151
132 110
168 133
173 146
187 151
31 51
188 154
68 121
78 100
169 29
190 156
192 156
192 158
191 160
128 4
123 154
77 151
31 152
32 8
145 29
195 3
20 36
161 127
14 72
76 86
69 73
137 152
137 154
123 151
14 76
32 26
28 44
19 5
23 8
43 127
154 89
162 152
169 65
122 60
183 50
44 82
164 154
108 124
166 152
178 131
52 153
34 19
134 71
52 103
65 3
137 72
154 72
16 108
128 153
187 88
79 36
47 2
129 156
117 12
51 22
156 153
158 155
180 3
54 47
172 108
101 60
81 89
28 49
49 2
85 154
85 157
112 32
138 20
114 84
152 54
100 88
180 77
30 105
67 20
104 49
87 155
107 124
187 142
48 10
93 83
120 104
99 147
121 78
28 127
105 144
160 63
166 91
20 153
73 128
170 18
56 108
106 123
133 148
88 154
188 90
79 4
18 156
86 158
138 105
127 84
155 70
175 133
10 11
30 148
174 154
190 47
34 145
92 62
36 17
93 65
178 158
195 4
96 68
70 70
148 145
41 155
80 39
65 35
116 53
42 158
93 62
45 156
59 155
176 18
164 5
79 75
194 78
93 91
57 106
59 158
63 155
182 92
84 143
59 160
33 49
42 96
103 25
129 153
65 156
34 146
170 74
183 27
78 109
66 155
67 157
120 108
173 20
20 122
110 18
61 162
127 119
125 91
134 146
38 126
139 70
152 57
95 24
31 54
176 132
154 84
62 163
156 123
17 78
53 44
96 156
155 49
187 102
183 103
8 118
162 21
36 109
148 56
142 143
124 60
166 60
95 158
126 47
160 51
99 157
27 49
74 157
43 128
118 70
25 41
79 157
75 165
171 20
105 68
174 29
44 86
74 166
77 39
108 157
153 86
108 160
109 159
8 153
47 54
105 159
110 160
179 19
36 50
29 45
166 135
10 4
77 32
107 162
120 149
6 98
175 95
25 127
123 10
18 134
46 86
17 51
148 114
155 11
88 8
74 57
109 163
92 89
135 128
107 74
146 120
84 102
120 147
194 82
13 74
96 67
144 102
104 158
100 131
70 17
103 159
44 123
113 12
83 46
46 40
105 164
40 115
192 32
52 88
63 158
75 138
120 158
86 125
55 139
118 162
105 127
177 108
181 83
97 80
120 161
116 163
164 78
131 156
101 130
85 27
121 162
89 57
96 97
177 144
123 160
138 152
118 167
126 124
93 138
159 127
70 56
114 166
121 124
181 123
32 49
158 123
154 86
147 158
53 6
147 161
11 142
148 160
96 79
12 90
150 158
150 160
146 149
100 149
4 73
164 158
133 103
166 161
17 53
168 159
129 71
129 159
76 87
141 76
181 2
129 162
7 104
130 161
167 88
179 18
123 86
131 165
146 130
133 163
106 74
51 140
134 132
29 160
69 131
125 84
29 163
37 91
69 121
120 132
93 131
98 108
188 151
173 33
37 144
105 154
27 87
52 158
194 146
53 115
135 100
32 163
125 23
159 63
23 5
159 157
40 161
139 91
41 160
99 110
40 164
25 53
44 161
33 127
27 40
183 106
7 146
12 36
88 35
160 49
44 165
158 50
189 78
46 66
171 8
43 164
80 12
11 38
72 147
121 120
191 46
119 153
138 161
105 47
140 160
37 56
10 48
155 85
138 164
172 160
154 102
70 121
104 152
69 49
178 123
4 131
33 98
192 52
174 164
183 109
146 144
172 10
1 161
42 135
3 161
95 67
159 49
103 125
79 122
42 40
3 163
143 41
19 153
83 161
107 72
188 91
87 162
48 163
42 166
186 106
126 10
50 164
38 50
193 18
131 114
37 49
45 123
79 74
30 28
141 123
176 157
63 1
160 137
105 36
51 163
103 97
84 137
65 103
93 89
66 7
25 52
50 171
96 164
62 147
4 76
89 154
42 120
78 119
98 164
45 65
155 3
7 10
195 127
70 20
152 43
66 11
86 114
34 51
99 167
139 152
95 100
49 8
147 143
160 133
146 165
90 52
136 103
13 76
42 5
141 163
137 96
147 164
43 77
179 62
148 168
148 170
179 76
50 127
81 59
55 101
91 108
93 80
149 169
123 162
43 162
150 171
153 170
7 165
161 85
31 8
153 31
148 106
7 167
9 166
19 62
10 165
11 166
131 159
17 166
18 165
44 75
19 167
156 49
85 99
20 166
192 143
23 165
25 169
78 108
89 101
116 12
128 98
73 161
180 76
132 131
116 68
23 141
178 20
98 107
69 50
84 104
160 52
108 39
28 168
74 63
30 170
28 174
37 54
122 110
28 169
132 115
74 4
131 62
31 174
94 64
110 139
66 121
157 124
28 171
185 165
41 143
185 167
187 165
123 108
190 166
88 68
134 126
162 120
85 19
89 155
132 129
27 168
192 12
155 5
191 165
35 54
157 49
44 96
55 33
124 70
190 168
105 161
190 171
121 15
191 170
29 76
70 46
183 35
52 157
113 98
52 166
188 152
86 168
29 110
12 73
24 18
85 95
173 160
87 167
90 167
65 14
30 146
90 169
155 12
187 22
93 113
108 167
16 27
90 154
30 29
156 154
108 170
27 170
148 144
44 166
82 88
93 84
78 38
46 123
195 128
109 169
111 138
160 55
87 93
111 170
89 54
118 67
132 168
65 72
134 168
136 167
2 25
64 1
134 171
179 61
179 54
138 169
159 167
179 82
159 173
158 37
123 74
70 166
27 78
69 5
40 87
152 164
130 154
130 156
16 152
21 9
159 54
164 168
12 150
161 172
45 36
31 56
166 167
112 133
188 89
54 126
163 172
98 51
145 150
71 131
133 128
97 98
166 171
34 110
45 44
135 123
182 3
165 174
157 153
63 168
65 168
63 171
7 113
69 170
163 75
67 133
88 105
103 60
159 168
52 127
172 142
130 29
160 53
192 46
191 130
175 168
18 123
74 93
55 35
36 169
25 43
33 105
69 168
58 140
99 99
91 24
46 36
36 172
37 171
137 11
60 3
40 169
40 172
174 156
39 171
123 170
127 173
11 69
126 172
136 18
3 172
51 171
176 141
161 117
5 171
168 33
194 93
141 82
4 174
106 48
148 162
137 156
56 171
44 98
26 51
155 10
6 60
7 173
98 172
83 72
98 176
56 136
77 121
75 1
162 167
161 118
160 107
176 143
79 2
137 149
160 61
104 172
53 14
32 160
104 110
151 167
51 173
126 125
51 176
160 54
89 173
89 176
124 98
173 18
92 174
97 108
64 72
10 87
99 158
163 115
111 130
12 105
87 3
109 157
90 177
159 130
9 114
134 77
48 171
135 173
163 116
162 86
41 116
81 141
81 143
102 91
137 173
190 77
67 134
96 167
118 69
100 150
171 18
141 93
159 124
96 100
38 44
103 49
174 160
145 57
29 141
74 34
175 103
71 139
103 68
165 4
169 135
12 80
159 8
16 174
157 57
16 177
183 155
4 132
142 38
111 100
159 106
195 129
122 162
129 89
178 78
15 176
27 171
188 88
142 39
10 6
172 12
143 31
76 90
125 52
176 80
51 44
56 153
137 95
159 156
75 160
12 152
13 176
16 178
190 67
124 86
25 46
183 25
71 147
31 106
165 6
136 131
50 44
13 181
63 163
11 180
57 107
180 155
28 149
164 115
72 56
40 116
191 18
37 175
54 5
189 68
181 102
75 174
52 139
38 128
190 65
183 142
75 177
135 130
158 130
66 36
36 149
100 111
154 105
60 85
180 156
39 67
156 156
122 78
5 59
122 15
139 156
76 176
131 58
108 123
141 164
7 25
113 27
77 105
125 97
6 140
138 77
40 86
56 36
122 112
55 106
183 143
3 25
45 135
79 177
20 9
125 38
112 140
39 147
38 38
106 62
81 33
188 175
192 126
69 60
100 172
189 174
93 24
189 178
26 45
192 180
117 67
103 163
91 154
80 36
161 137
89 7
197 180
141 175
75 3
68 72
161 120
30 26
71 148
151 169
193 174
151 168
54 110
141 90
120 15
147 38
67 138
41 27
67 135
143 81
6 24
90 7
167 6
97 167
54 115
134 20
162 40
166 102
84 142
55 75
120 70
18 133
149 94
151 9
61 175
102 92
56 5
55 32
63 176
112 120
28 170
188 12
178 58
92 113
17 122
171 10
64 175
61 179
68 175
178 60
151 6
24 121
65 182
121 10
155 86
8 26
72 146
110 176
105 101
173 142
15 72
74 99
167 161
22 9
102 8
182 122
181 96
111 175
95 139
135 70
125 109
188 14
116 176
72 135
1 176
1 179
44 76
126 91
3 178
143 53
124 110
22 68
150 169
23 36
160 174
103 51
61 176
137 22
159 33
88 10
10 26
68 176
5 178
151 176
125 148
104 132
17 52
147 159
123 173
154 176
157 69
9 11
133 56
134 57
67 171
151 180
153 54
146 52
59 87
24 46
160 50
153 179
188 167
39 44
148 181
79 54
12 4
134 75
103 126
91 155
105 162
71 74
106 64
130 155
80 143
156 179
47 123
17 168
156 10
179 122
150 185
119 70
57 78
88 70
141 57
192 145
50 151
187 172
193 175
147 184
165 176
33 54
51 29
38 175
76 160
147 150
110 58
68 37
93 140
176 118
167 177
136 77
168 176
107 87
8 104
28 12
14 102
43 166
93 112
31 105
10 154
147 171
172 176
189 115
70 72
166 183
7 52
175 7
169 183
170 182
157 139
159 155
25 45
113 101
183 49
104 164
164 6
63 172
171 181
141 40
44 135
160 20
142 40
75 150
14 117
180 177
119 152
180 180
146 114
191 129
156 155
88 9
158 153
68 134
181 179
39 175
26 40
12 69
23 83
160 74
8 110
158 5
181 181
129 90
50 150
88 149
149 6
6 51
167 180
41 7
155 72
29 40
135 126
55 16
130 67
191 59
54 125
104 38
41 179
52 44
168 135
132 130
177 143
75 178
44 179
95 159
190 78
187 90
13 12
102 173
122 76
91 157
175 104
41 183
38 56
51 27
53 179
57 181
103 180
88 98
147 181
94 79
162 12
112 147
159 104
165 181
136 119
63 130
42 181
104 179
183 123
59 128
193 176
122 109
76 161
14 142
106 76
116 177
177 81
98 33
6 131
103 182
106 124
44 182
124 179
91 173
5 30
138 42
122 80
193 78
136 146
179 17
167 31
31 55
141 145
124 182
160 57
186 138
109 131
105 56
147 148
164 169
7 112
97 100
128 179
146 53
158 57
175 160
112 101
56 170
127 39
67 121
110 163
35 51
10 114
194 32
90 180
8 147
60 86
143 33
84 136
182 101
42 128
90 182
102 18
153 28
2 176
32 91
108 31
70 40
72 59
8 73
41 77
52 171
178 92
68 117
34 106
39 87
12 139
93 181
98 53
165 86
66 75
69 103
108 59
132 100
180 157
91 112
93 183
91 51
85 83
138 180
143 82
169 176
17 167
157 70
24 68
95 62
42 86
125 170
139 184
54 18
138 181
178 124
159 174
169 107
187 136
25 44
119 26
74 126
18 175
137 13
187 156
154 91
33 162
128 183
32 110
116 178
140 45
192 10
33 50
136 148
190 115
34 105
14 27
52 120
57 83
170 176
23 182
180 105
51 54
184 155
160 21
102 98
187 141
51 18
110 142
78 150
172 46
68 172
46 44
126 121
53 86
46 42
132 159
24 181
57 33
185 77
26 184
33 181
138 9
29 33
145 20
85 68
169 51
36 145
33 184
115 12
7 168
30 186
31 190
3 182
5 182
135 11
152 56
52 170
162 118
29 186
45 136
74 97
175 105
174 162
51 24
5 117
125 113
21 6
133 159
147 118
178 117
79 46
151 170
6 183
5 186
114 10
151 171
188 18
88 120
84 68
18 135
117 11
179 183
181 184
139 89
38 144
122 129
88 121
182 183
149 64
52 125
157 135
193 20
152 21
15 77
48 170
9 168
110 112
117 184
157 72
108 111
135 176
90 112
194 80
156 8
124 129
194 144
71 135
121 146
141 177
117 186
17 119
109 123
157 105
42 160
35 147
51 150
119 186
143 39
142 37
72 185
139 180
60 127
130 183
147 170
119 184
157 104
77 186
38 127
168 63
87 82
132 169
17 137
5 75
175 108
71 191
183 105
123 56
156 72
26 165
52 163
77 16
93 64
181 90
4 164
49 16
70 190
64 2
6 11
71 128
16 89
4 152
28 16
197 58
76 189
140 153
68 191
142 52
135 177
10 147
195 5
122 130
61 147
75 32
38 29
138 95
71 150
7 30
163 117
132 165
110 188
109 187
161 174
52 164
162 127
109 77
136 72
26 118
51 80
65 104
31 33
14 116
60 62
37 77
92 140
111 187
27 51
166 154
16 155
73 150
75 98
155 57
75 65
3 41
158 137
140 152
38 37
112 186
126 35
39 128
107 189
26 120
182 30
79 32
148 64
124 113
74 185
22 60
52 150
143 102
170 28
112 110
51 40
31 160
107 187
194 31
118 24
177 168
25 148
46 82
162 106
107 192
45 105
152 18
33 6
18 118
112 111
105 26
109 31
27 47
126 86
46 68
35 144
195 130
183 183
4 148
166 103
141 162
26 119
17 169
183 184
54 75
120 130
97 63
75 161
175 161
77 55
157 9
146 36
102 99
21 17
148 132
138 182
12 74
75 67
68 47
18 176
53 171
118 163
33 125
12 149
133 160
103 150
18 186
67 49
52 18
55 74
158 101
158 120
18 188
25 121
5 121
104 133
69 138
172 50
137 177
134 22
82 86
73 188
142 105
188 119
121 129
42 136
10 28
187 158
106 60
72 194
151 182
51 23
76 146
18 191
17 124
173 145
182 93
110 98
30 190
176 17
59 83
170 135
15 76
134 42
103 127
127 176
110 31
94 133
194 118
123 161
4 161
56 75
68 120
5 149
20 190
87 59
194 50
154 95
91 121
15 108
128 24
140 156
67 169
139 177
13 190
162 93
109 110
36 110
75 179
138 89
150 161
191 186
126 39
152 19
193 178
165 115
57 79
106 55
192 189
100 28
134 98
49 187
110 162
38 63
153 29
23 183
6 27
159 170
135 98
143 68
147 166
49 86
113 150
109 73
136 11
69 36
75 122
16 91
49 191
63 147
143 143
96 81
50 190
57 190
159 52
87 97
194 97
162 96
61 188
163 108
103 162
159 154
54 139
166 104
151 181
99 100
192 115
103 112
170 183
75 134
53 163
70 163
88 56
169 101
62 190
25 114
175 8
127 86
120 163
116 49
122 104
133 150
53 180
29 119
49 104
6 185
61 192
113 175
13 188
178 62
133 130
68 194
123 174
193 180
87 146
157 71
92 120
49 188
142 106
141 146
130 69
147 130
14 139
57 24
165 82
79 161
54 170
50 114
25 141
50 192
162 154
64 189
64 93
54 113
190 118
45 41
143 44
11 151
3 176
63 192
82 49
97 159
182 181
4 75
129 23
128 188
182 38
134 56
177 76
92 53
49 17
55 114
153 30
105 186
77 188
171 183
137 103
134 188
11 128
150 77
88 27
87 68
140 155
147 114
99 88
36 54
90 43
125 149
195 117
134 190
152 90
29 150
122 154
143 188
147 188
100 134
126 24
147 92
50 187
191 187
69 194
167 188
87 20
25 136
31 110
101 62
79 119
53 23
80 58
100 173
175 109
68 116
68 139
178 121
86 169
73 151
171 19
24 138
164 118
42 87
68 177
73 88
160 167
167 192
92 112
99 134
171 188
8 168
114 175
188 36
139 11
185 155
86 29
44 181
87 120
127 183
169 192
189 79
26 42
29 106
83 138
139 176
72 162
86 190
87 189
28 50
124 100
46 41
93 123
78 83
78 81
167 182
73 166
90 189
86 196
4 147
14 191
21 154
136 144
101 172
94 189
111 99
142 45
129 47
136 177
164 160
159 153
5 26
158 124
70 127
138 98
52 80
13 55
106 50
55 70
177 94
28 134
159 36
150 117
88 54
183 179
88 145
38 31
67 46
134 192
33 187
148 158
112 138
69 119
160 9
4 133
152 169
172 18
64 5
60 83
45 67
169 132
147 52
90 197
51 36
97 189
66 168
109 122
158 39
150 181
168 178
112 189
154 143
101 189
174 146
195 143
24 151
16 92
110 14
160 60
135 121
8 102
84 99
97 194
188 120
138 183
182 104
42 125
176 91
80 142
52 24
94 197
130 179
74 101
12 181
89 149
29 187
123 129
98 193
96 54
99 195
126 179
74 33
179 108
76 47
137 12
73 194
132 154
24 165
39 112
53 84
41 147
27 173
101 149
108 125
173 47
118 68
191 115
127 109
183 107
178 157
53 7
4 176
36 18
32 87
81 46
45 7
142 183
144 123
26 53
23 33
63 182
131 109
109 100
133 115
21 155
132 188
133 98
57 74
65 177
137 145
66 181
48 106
4 77
73 139
158 56
12 153
182 177
162 174
186 105
179 60
20 186
100 133
85 162
179 83
134 170
112 34
143 189
68 114
22 5
54 163
98 113
97 82
141 119
141 147
113 140
187 138
112 112
160 190
141 122
51 120
67 35
192 60
4 91
63 162
138 109
70 194
161 189
67 160
133 132
124 133
42 36
143 42
192 86
194 178
53 127
64 172
142 184
181 118
10 111
33 185
117 8
162 190
171 48
167 30
160 8
160 194
173 188
108 187
172 163
16 90
7 171
123 104
34 103
16 48
157 191
103 72
100 14
16 53
51 141
193 118
128 189
34 49
83 164
49 89
75 131
163 169
81 32
16 156
70 165
68 46
133 161
183 185
65 172
110 179
139 82
112 113
77 189
94 190
161 84
63 143
195 113
104 36
84 138
75 185
19 119
152 171
73 189
136 150
163 118
124 108
110 157
13 139
58 83
161 195
143 83
158 139
162 194
14 118
184 137
156 196
30 74
124 180
52 151
110 169
122 108
145 116
62 159
27 85
36 77
64 163
2 191
160 12
54 164
137 70
67 158
116 10
76 91
147 93
145 54
179 158
67 155
173 190
141 45
9 98
1 24
192 41
75 180
3 133
6 13
109 59
126 176
143 59
3 190
85 30
6 139
142 180
163 155
149 31
137 176
158 42
74 188
57 191
4 192
5 133
179 58
26 139
34 181
44 6
39 173
56 70
110 140
56 163
187 137
53 190
188 13
54 136
76 102
195 183
179 29
57 58
77 145
33 53
74 147
180 190
28 128
3 179
55 77
154 103
180 195
134 191
125 120
72 150
194 183
27 53
181 194
85 137
31 28
4 42
153 171
160 192
48 110
182 106
191 178
165 88
100 165
6 186
187 154
25 149
117 25
177 95
137 15
181 196
184 194
121 107
56 182
43 87
64 77
14 140
12 133
138 92
128 39
12 11
143 58
167 33
175 131
51 127
148 55
63 179
178 30
45 39
183 196
64 159
192 14
121 133
78 146
98 54
5 191
80 127
124 69
90 183
129 163
165 87
158 62
172 178
15 89
15 115
166 158
23 191
137 155
163 78
30 163
159 105
163 106
18 169
26 193
21 27
98 165
97 83
175 164
25 150
36 173
154 104
118 191
63 115
131 65
121 192
66 1
83 162
19 169
85 164
91 182
34 147
160 78
13 132
185 136
27 96
87 163
110 147
141 75
49 189
188 118
66 176
119 191
172 27
49 168
161 96
11 177
184 196
92 139
30 193
164 173
4 153
165 116
133 141
24 191
183 178
169 50
171 12
99 111
134 39
25 151
73 190
94 191
101 61
139 173
31 192
13 80
34 194
19 125
151 30
183 180
38 192
34 148
29 188
11 84
89 4
51 52
159 194
90 8
124 170
176 130
121 187
85 84
30 195
29 120
140 89
14 55
72 166
189 104
180 36
161 169
117 10
173 26
5 192
103 106
49 158
55 78
92 54
132 153
8 58
13 192
17 156
135 77
155 14
87 147
85 143
157 15
148 171
127 97
29 94
144 188
138 177
160 110
106 31
110 130
77 180
186 67
42 44
38 194
74 189
193 144
165 117
68 181
41 192
175 162
159 169
34 74
179 80
132 171
46 39
64 71
155 176
85 155
52 79
125 179
21 32
38 196
119 24
45 106
104 97
40 194
105 187
119 154
132 161
189 157
150 180
175 9
33 56
27 42
77 34
74 82
19 19
195 119
89 10
36 49
86 191
154 56
104 107
131 111
70 102
160 11
115 95
156 176
156 57
103 151
18 5
175 91
104 61
151 177
127 174
143 190
183 181
55 163
154 144
19 186
54 24
121 149
104 72
97 156
9 30
83 141
109 171
46 85
160 56
111 171
191 21
54 118
32 54
92 69
62 15
56 164
39 196
121 40
100 151
145 118
34 77
124 10
180 72
90 192
143 45
80 29
187 169
90 184
63 159
87 164
172 192
96 159
129 192
145 188
56 165
54 179
156 180
14 141
93 122
189 192
34 155
5 27
25 181
171 33
191 192
109 113
79 73
34 149
31 170
125 36
98 159
6 58
78 105
36 105
16 73
12 147
189 12
193 142
100 152
22 26
181 72
101 92
147 40
89 145
43 124
130 192
79 158
149 89
14 53
32 192
29 116
138 16
177 117
79 159
9 104
106 187
35 185
128 84
143 191
56 73
4 149
29 6
62 58
165 180
70 93
155 180
13 177
161 8
95 85
172 52
30 47
103 164
52 126
117 162
151 8
9 99
105 99
120 191
40 196
56 190
191 87
14 38
87 101
43 135
10 128
148 53
32 193
174 8
104 147
86 119
46 70
38 49
193 192
58 89
63 145
73 56
145 59
93 107
20 121
173 12
169 38
42 62
86 59
163 174
78 56
86 161
124 130
179 81
173 162
1 25
56 166
129 183
109 132
50 79
126 100
127 120
131 188
72 67
121 121
103 123
15 189
64 114
151 21
192 13
168 121
36 104
105 39
85 101
139 98
196 32
76 34
162 39
189 22
169 188
40 173
84 141
193 97
106 39
53 191
19 121
141 194
163 95
139 99
144 31
137 140
143 195
30 27
143 184
66 102
67 34
143 36
158 8
126 97
33 123
67 159
190 120
168 87
52 195
189 14
73 163
171 26
138 162
157 192
164 161
165 56
162 169
85 73
64 116
144 194
12 154
192 130
92 133
150 116
117 39
191 177
172 29
57 62
126 51
24 116
68 168
145 195
161 167
101 190
31 26
105 190
74 128
11 168
3 140
17 57
97 157
129 31
148 18
126 113
86 104
92 41
98 111
141 176
32 170
15 26
64 94
112 187
98 156
155 13
165 194
97 30
6 62
94 192
148 9
21 156
99 164
135 171
173 143
121 80
38 30
178 27
72 91
15 192
28 116
69 171
174 155
101 191
147 36
80 54
124 74
80 32
84 88
109 99
23 34
17 152
154 90
167 61
165 196
51 113
92 138
31 91
117 91
26 123
146 121
57 77
169 194
138 96
190 14
95 64
88 122
40 170
173 65
11 88
117 144
158 194
181 30
110 85
53 18
133 165
16 55
186 171
27 172
8 60
24 141
137 139
185 76
102 100
84 86
89 109
143 96
123 57
14 119
88 101
66 175
103 147
73 191
167 197
168 120
108 73
184 192
86 27
52 154
55 36
55 53
7 60
108 161
110 189
59 129
125 100
20 167
160 10
52 155
98 92
99 25
126 89
191 193
88 147
169 196
136 171
52 115
103 160
104 111
41 146
146 17
69 74
80 60
100 195
30 150
91 197
144 106
81 49
168 160
6 123
177 123
163 107
125 60
26 194
61 127
53 27
51 138
50 195
63 116
29 109
13 57
175 170
183 177
173 194
175 194
82 72
90 42
193 130
141 160
157 195
110 122
86 143
28 147
27 140
97 111
51 136
5 172
157 8
10 88
146 166
14 188
56 195
24 115
140 16
101 195
106 63
130 191
7 123
7 75
102 72
29 115
56 137
127 113
141 89
53 194
138 112
169 103
102 172
13 11
161 15
60 61
36 139
9 131
40 31
73 152
103 24
103 161
151 178
111 147
177 196
10 132
X
55 155
88 102
68 193
56 79
31 195
142 150
79 178
42 43
122 26
137 77
170 178
157 106
85 163
159 57
166 194
166 173
148 58
152 92
172 179
81 3
41 123
154 134
154 92
X
175 154
140 14
127 90
90 193
33 155
38 28
123 107
111 122
23 84
106 73
3 21
125 39
175 134
194 179
X
67 114
150 6
51 154
152 176
110 161
61 155
120 126
63 45
91 111
74 31
101 27
41 29
53 150
105 180
53 78
174 31
168 197
127 91
9 52
18 116
74 159
158 105
193 116
103 142
60 58
37 181
85 58
56 32
174 32
184 195
62 59
86 141
X
X
22 147
143 145
16 191
129 48
76 180
12 38
29 148
161 30
74 87
X
31 125
47 121
134 113
150 90
163 94
8 123
188 176
112 188
180 191
62 60
X
163 96
78 47
130 70
101 192
112 121
194 115
142 42
120 195
156 194
56 110
156 124
136 16
87 119
60 84
159 101
33 96
6 171
179 186
35 155
179 184
57 139
175 171
113 100
177 26
34 184
139 162
X
145 33
84 105
X
130 45
87 56
5 193
26 195
170 51
172 162
73 65
45 134
138 11
86 84
40 162
81 54
106 179
38 181
55 171
158 15
9 132
39 144
90 53
165 2
146 40
52 168
X
107 182
187 167
152 183
181 92
66 158
90 145
124 56
X
141 195
144 184
140 9
144 41
6 174
45 133
159 171
64 121
34 27
13 131
151 90
192 186
126 71
127 10
99 26
97 16
118 80
165 197
4 162
6 132
153 37
100 166
192 11
179 51
151 7
99 176
90 194
105 160
34 188
48 7
182 118
183 30
160 121
4 95
121 109
156 191
157 11
129 50
48 165
X
122 10
180 178
18 121
114 179
71 102
X
78 180
17 123
182 179
29 189
X
170 119
95 138
167 28
12 15
21 152
25 83
112 175
186 154
42 121
36 181
191 188
45 137
110 84
152 22
23 184
175 163
106 49
142 181
98 31
171 28
169 119
191 166
43 183
79 76
108 171
X
56 135
175 92
29 41
180 81
160 14
184 28
176 59
5 190
131 192
45 86
28 74
67 116
18 178
84 103
64 74
191 179
123 106
58 59
148 57
189 194
159 110
92 190
158 10
109 19
5 174
X
51 187
86 192
134 23
87 84
44 124
118 193
181 177
58 61
52 187
50 18
34 123
67 180
88 109
135 132
102 71
X
170 65
86 120
25 191
176 154
70 19
11 149
84 89
30 108
27 95
24 183
X
33 55
177 130
136 132
67 161
147 20
10 84
42 10
18 119
2 192
4 43
93 25
140 10
115 179
147 182
94 193
88 110
X
111 132
157 137
185 143
139 9
94 32
146 146
114 90
152 91
125 80
34 54
125 129
78 151
161 95
33 192
103 99
64 49
188 157
168 60
62 127
85 82
79 179
30 33
6 138
169 197
131 52
148 103
89 193
146 117
186 156
53 154
140 162
74 139
130 71
180 186
140 96
52 167
51 167
78 106
111 98
181 190
79 29
4 163
122 145
167 87
23 15
X
22 18
182 124
59 62
52 55
X
12 176
137 99
161 77
191 58
X
53 124
29 161
64 191
120 184
X
X
170 134
17 44
101 28
54 70
X
120 143
X
140 154
31 103
192 170
16 44
52 136
58 139
5 130
72 152
147 189
71 38
10 168
122 12
51 174
166 88
53 195
27 45
28 114
23 194
87 83
X
169 178
190 79
169 60
131 115
181 117
183 48
187 160
6 153
163 109
41 181
51 28
71 40
104 24
26 168
52 77
88 168
X
7 174
195 57
75 64
161 38
55 110
120 37
194 88
62 62
164 58
56 7
67 162
146 147
126 129
13 133
70 59
143 119
100 176
67 172
X
93 192
164 159
19 115
84 30
77 174
X
92 182
195 116
11 92
13 142
5 173
157 12
193 82
93 108
66 3
106 61
74 65
172 30
105 64
196 96
16 175
14 57
24 120
105 189
26 181
87 158
148 88
147 117
X
142 145
178 133
51 194
138 41
41 180
79 180
32 103
17 188
75 66
167 195
124 132
128 97
53 70
153 90
23 185
189 120
77 150
145 115
64 192
86 101
4 139
192 31
118 86
X
143 180
69 6
73 192
88 123
X
53 187
57 87
110 158
131 40
188 137
119 163
6 154
3 194
X
107 179
169 20
106 162
87 109
188 170
10 89
186 68
35 32
190 116
X
178 109
113 11
110 190
89 35
69 8
69 102
100 175
165 118
100 191
180 192
191 194
31 124
189 165
76 162
23 195
128 180
78 48
42 179
48 104
192 182
X
193 193
135 24
144 57
52 173
169 62
84 74
164 172
174 26
126 50
161 13
189 160
X
55 136
188 160
69 132
171 76
86 142
100 15
72 187
86 109
162 191
63 169
144 191
87 157
62 61
45 82
136 74
134 21
69 46
88 158
28 76
23 63
53 173
174 197
103 92
53 174
129 179
77 161
190 119
143 144
110 141
159 38
123 13
90 104
72 186
118 194
X
96 30
X
54 173
X
109 167
58 58
90 196
X
189 39
63 177
120 146
5 71
26 141
30 103
101 193
121 76
89 158
168 41
75 135
96 19
36 174
148 164
126 130
15 25
22 28
82 44
164 82
96 85
157 193
168 122
119 27
46 83
160 15
127 100
73 148
131 42
14 128
32 64
52 27
53 188
167 32
74 134
56 179
181 108
30 110
X
46 108
160 139
172 32
147 191
174 157
74 91
37 88
167 183
54 187
76 109
72 66
56 120
180 54
80 49
155 142
40 144
165 90
38 147
142 194
169 145
156 190
179 185
73 162
20 63
102 7
169 146
88 59
52 176
107 190
55 23
106 192
16 107
16 71
147 94
X
55 5
67 37
95 140
88 167
88 169
97 112
41 162
76 157
103 158
169 28
65 118
138 93
131 50
148 93
65 175
43 119
27 127
71 60
151 137
96 165
159 42
67 139
159 107
137 141
193 183
61 189
74 158
41 196
160 62
55 41
101 176
13 77
101 63
53 30
94 194
6 130
173 28
124 71
X
X
94 195
130 181
42 41
33 30
29 47
39 62
X
38 182
42 63
79 77
118 195
130 182
3 141
189 35
51 139
81 56
122 14
14 40
53 102
X
X
127 170
152 88
154 145
119 140
X
135 122
40 174
125 51
52 30
9 26
59 130
86 170
63 128
54 78
115 24
176 155
181 186
65 121
163 74
168 31
105 181
93 184
X
76 185
100 16
105 179
192 159
102 70
192 40
132 156
25 134
144 103
X
168 134
166 178
128 50
3 130
X
148 165
X
X
48 164
130 180
44 77
19 188
165 158
126 170
176 62
141 92
16 179
12 104
137 114
X
14 179
169 47
101 108
75 106
21 87
171 192
192 178
X
39 29
162 192
138 122
122 144
117 80
91 193
X
171 106
10 52
103 143
73 60
38 183
43 181
120 148
6 23
111 73
108 126
154 135
91 180
75 162
93 194
29 32
51 135
10 46
193 194
177 194
X
107 59
65 171
186 155
149 164
155 196
134 99
53 192
120 193
118 144
187 143
184 136
161 110
148 166
45 6
55 42
104 174
91 184
122 125
191 90
35 77
64 145
177 32
X
27 123
132 170
112 176
196 97
55 187
79 27
41 193
79 137
X
24 185
118 184
145 196
139 104
146 78
27 12
76 105
86 102
189 142
71 91
50 51
33 160
X
33 182
56 167
25 185
171 51
109 133
98 19
191 41
168 39
163 82
63 31
21 151
X
59 156
144 143
8 150
55 188
110 59
127 11
190 74
110 77
5 123
56 187
167 60
161 134
X
185 151
29 136
92 184
4 165
71 138
156 122
165 89
52 147
88 99
57 182
52 78
161 170
65 75
166 174
172 40
94 93
127 175
169 140
56 60
123 172
90 158
64 143
X
X
28 148
67 102
85 141
127 124
172 180
191 50
10 51
54 32
120 121
159 21
111 167
134 100
139 100
22 87
89 170
105 191
128 36
147 37
60 155
61 15
X
32 195
92 175
56 168
180 122
139 101
161 133
55 145
134 73
108 74
43 62
176 170
77 157
84 72
111 76
109 148
159 139
3 173
62 175
121 194
121 145
28 15
115 175
X
126 174
17 180
X
141 196
150 76
55 55
121 43
19 103
143 52
160 93
44 180
171 21
12 179
64 190
91 158
144 181
66 77
31 52
7 154
191 10
12 175
41 157
53 141
86 108
71 136
113 147
6 10
36 106
105 142
164 155
194 90
186 136
33 195
64 177
161 32
31 154
84 81
181 124
68 180
38 184
X
107 70
63 156
41 194
114 91
112 31
X
141 10
32 187
25 67
85 161
33 152
158 4
14 130
109 190
182 190
137 104
166 168
6 26
61 129
52 51
X
16 105
169 102
74 67
82 50
13 90
20 102
170 179
41 156
14 129
17 56
107 180
59 58
X
152 182
28 94
78 174
175 169
189 76
126 37
120 131
28 139
137 102
41 31
75 109
189 172
49 193
89 105
148 59
61 144
44 95
117 140
X
98 149
141 9
70 57
88 170
144 119
58 135
46 69
71 132
38 193
43 158
X
X
190 172
177 62
146 106
172 33
X
177 58
190 106
131 41
138 70
17 174
124 176
162 41
28 150
81 27
76 32
9 100
41 49
120 140
166 4
83 90
6 12
31 155
123 176
173 21
187 157
26 185
121 158
90 54
84 71
98 30
137 174
2 93
187 104
49 195
71 194
111 179
94 67
108 38
71 103
98 32
119 187
114 93
50 158
25 165
143 146
15 133
193 189
159 10
79 138
141 120
78 46
122 132
181 121
57 120
131 112
67 163
X
X
172 51
158 121
126 119
137 171
32 171
140 12
1 162
20 119
61 14
137 144
177 154
162 122
91 131
19 123
87 72
X
100 147
X
42 155
53 139
171 138
53 120
105 182
86 28
X
138 173
52 124
167 189
137 146
51 147
15 57
32 155
31 153
172 28
58 62
66 179
57 187
81 47
128 85
51 34
22 63
179 69
192 172
169 139
24 195
136 123
X
41 40
X
63 51
180 92
121 108
65 49
72 188
188 92
75 157
174 158
120 145
178 168
172 38
74 125
143 40
75 175
128 100
1 163
111 190
36 185
193 186
159 13
55 113
X
152 165
99 149
X
14 131
33 161
X
15 179
145 191
162 153
104 175
108 77
X
104 162
172 47
X
162 78
146 132
142 14
30 194
193 187
3 184
97 190
27 97
112 179
139 174
197 182
159 95
145 143
144 182
32 194
18 125
20 187
78 49
37 87
39 31
166 155
162 42
115 163
37 173
7 27
49 163
42 124
34 187
182 5
53 136
104 142
162 37
33 63
55 120
86 193
90 146
135 22
145 102
180 158
129 49
148 52
7 62
92 40
146 191
169 142
16 93
60 59
72 64
49 4
132 132
44 119
140 183
128 67
147 95
81 31
X
53 175
46 84
34 189
87 105
65 1
X
183 186
50 88
133 111
48 166
84 164
X
176 134
148 95
23 9
178 172
74 160
131 110
13 191
121 144
81 142
112 131
52 135
183 190
3 185
44 62
54 109
55 40
77 107
X
113 139
119 162
155 191
70 164
104 173
156 63
32 152
114 86
172 26
65 8
57 188
71 89
73 138
94 89
13 27
57 118
194 60
76 174
152 16
44 163
124 109
43 155
X
122 29
43 156
100 148
81 48
152 95
112 33
94 41
49 6
105 188
167 178
164 170
37 89
122 146
119 193
X
74 29
75 163
X
2 193
61 58
29 146
158 32
112 35
93 197
X
106 142
153 95
76 45
146 143
33 31
4 130
37 138
105 98
193 59
8 75
56 152
4 184
13 45
156 13
X
88 197
29 121
118 95
125 145
144 150
56 6
119 195
177 138
48 168
193 195
55 17
107 69
66 6
155 101
18 189
194 186
88 113
9 46
173 53
24 28
149 65
87 192
187 168
24 124
X
33 186
11 154
X
X
X
98 173
16 24
34 190
63 180
X
66 172
143 43
44 133
71 93
121 39
X
X
67 72
152 137
X
175 172
92 176
9 154
77 49
94 85
53 181
8 59
8 151
15 119
X
33 153
25 195
170 146
127 23
64 35
X
36 75
60 158
86 35
29 190
116 144
161 93
140 184
55 146
140 11
126 14
190 66
193 188
38 69
138 103
131 153
48 5
63 178
52 32
197 181
23 42
27 119
79 60
31 119
6 30
X
66 180
120 9
X
25 84
173 19
143 106
32 185
X
167 91
162 38
128 192
189 195
34 195
155 43
39 146
X
44 50
192 90
146 119
X
150 17
177 139
X
3 186
X
51 115
123 133
145 197
X
92 177
130 163
102 175
171 146
51 119
30 94
117 89
114 163
18 174
129 51
142 104
X
27 98
X
17 179
X
71 90
X
X
150 75
81 29
61 128
144 29
106 75
X
X
130 159
105 58
112 134
94 129
17 27
X
61 156
X
X
152 17
195 186
75 139
157 194
149 93
176 168
X
125 133
X
128 190
128 68
26 79
26 83
64 75
45 157
28 47
40 29
178 155
34 152
80 46
168 181
135 72
76 88
157 10
128 37
13 178
X
X
155 144
5 139
138 121
X
162 121
70 126
64 144
106 38
X
X
173 62
129 188
43 40
6 184
X
103 27
140 70
54 107
121 41
112 190
73 193
31 108
122 158
130 188
65 77
63 129
180 119
72 126
154 93
150 164
82 90
79 3
41 195
8 88
13 193
190 195
80 56
48 167
91 122
139 96
70 60
90 190
139 102
149 66
X
194 87
52 86
154 136
66 177
90 105
68 182
125 74
55 194
102 60
51 78
X
195 187
X
X
84 161
7 16
126 133
166 159
99 19
39 143
144 118
28 45
X
41 30
171 41
103 153
96 64
86 122
56 86
X
167 4
169 191
120 187
121 193
X
61 94
56 24
176 172
55 173
X
195 179
X
192 22
142 90
34 107
20 188
124 31
23 166
28 28
177 145
81 34
23 61
69 75
99 154
55 166
188 156
154 146
25 123
86 164
28 46
139 45
X
195 32
132 155
13 179
53 90
68 102
26 80
41 142
169 121
173 197
28 13
87 35
151 41
62 143
193 46
16 106
145 30
X
35 181
180 48
177 83
99 172
X
X
173 196
136 71
37 169
50 78
75 34
187 166
61 180
119 25
118 92
71 162
X
161 31
59 161
73 67
21 153
132 192
X
53 176
153 180
103 152
187 140
154 137
140 15
X
12 151
98 100
188 165
X
178 170
X
67 136
146 150
170 91
126 131
113 179
120 123
X
191 78
171 119
55 147
64 8
34 125
133 164
X
120 151
153 181
15 27
36 148
X
78 127
22 138
97 113
X
110 178
84 29
123 175
74 161
38 67
46 62
149 166
X
68 179
67 137
32 123
88 104
X
102 176
57 192
57 193
124 121
28 129
141 70
151 88
X
106 143
85 21
57 140
X
20 118
134 72
87 194
179 30
45 107
170 138
40 166
182 109
141 41
X
104 182
28 123
X
66 106
194 86
107 60
X
78 27
X
169 181
100 24
X
X
9 150
79 127
30 75
121 13
X
X
137 14
121 184
180 30
X
49 194
46 37
120 13
X
172 161
65 31
114 92
73 125
192 183
56 192
33 154
42 70
146 123
161 106
X
X
120 39
139 94
12 148
4 118
127 123
68 35
164 171
133 147
130 31
130 50
177 28
158 33
24 140
66 178
4 120
183 124
X
104 109
190 51
143 150
162 123
77 83
X
X
86 194
4 93
112 122
114 178
43 133
11 176
86 154
173 192
10 153
148 54
107 88
74 162
104 112
156 144
169 49
40 63
16 104
177 170
36 144
114 164
51 195
67 17
126 84
41 62
161 78
173 31
29 107
49 192
6 14
5 60
X
65 180
121 185
193 117
169 30
5 151
179 70
140 13
10 113
X
71 72
143 55
92 196
144 120
88 7
128 38
103 176
67 132
64 180
139 164
101 19
16 188
28 124
143 147
168 40
102 108
1 23
71 152
X
X
177 132
195 97
156 177
8 98
45 62
49 18
22 32
168 188
X
190 174
166 6
71 56
X
X
40 142
17 191
53 137
183 192
173 195
44 116
130 153
36 146
34 124
36 175
52 141
78 107
83 163
89 34
55 54
X
160 36
81 125
42 48
X
157 120
X
X
118 140
178 169
X
41 125
24 47
100 193
167 194
X
15 191
X
128 191
160 130
72 57
X
144 33
155 190
141 121
170 177
35 152
8 46
X
182 186
143 148
117 40
86 121
126 70
176 197
168 123
59 163
130 68
55 195
92 51
77 109
177 140
4 72
170 48
X
189 106
X
53 43
64 76
50 84
147 190
X
95 52
27 137
91 189
141 197
37 147
138 110
X
X
X
87 197
X
56 85
38 115
X
31 107
170 121
X
172 41
X
X
110 167
16 119
160 169
X
7 77
X
81 90
187 139
118 39
165 178
X
167 135
169 189
155 192
104 134
36 147
110 177
56 78
177 172
50 80
96 33
89 59
140 181
4 21
X
41 70
4 154
191 19
138 156
X
67 182
23 192
132 163
141 91
179 154
X
X
X
X
X
26 169
192 171
26 191
171 189
86 197
98 189
60 87
142 197
145 131
127 50
32 186
6 147
107 120
161 168
14 193
34 185
141 14
X
62 188
169 141
7 98
184 27
100 91
194 47
51 84
X
59 162
18 177
35 153
171 145
44 155
166 153
125 183
X
73 93
84 76
121 140
7 58
108 127
X
72 189
86 10
X
175 93
135 139
6 141
83 88
104 92
35 105
X
100 164
X
141 184
X
104 32
69 105
170 60
94 69
61 181
19 191
X
30 121
159 120
22 152
35 103
X
X
38 68
66 72
191 118
148 102
120 124
80 125
175 197
152 184
85 105
128 35
146 122
192 18
63 160
55 76
132 191
76 48
126 183
X
X
5 184
57 194
55 179
145 67
146 118
138 170
38 185
135 138
143 54
21 102
55 108
138 154
66 16
121 9
X
35 184
13 136
X
148 134
104 108
186 172
147 132
76 89
193 50
133 192
38 169
74 30
X
78 122
56 106
189 73
107 39
85 81
74 32
X
118 192
104 106
102 28
81 4
81 126
133 112
56 113
25 42
170 192
8 100
120 133
140 173
19 63
144 183
70 75
87 58
158 3
X
89 147
46 104
24 139
X
X
X
113 99
50 157
X
68 178
X
27 125
75 29
144 105
70 106
47 120
X
55 181
193 19
167 179
79 31
8 16
160 31
17 125
79 129
171 178
56 158
34 144
82 141
133 149
144 197
2 194
190 35
111 168
191 174
X
161 86
88 189
X
X
X
X
65 36
30 160
X
56 169
35 154
107 121
141 180
X
32 51
106 144
139 103
7 26
96 69
156 121
13 15
165 169
116 47
83 82
167 190
163 152
151 164
152 41
168 161
81 60
X
161 138
156 142
63 15
190 75
34 143
5 119
X
114 85
X
40 112
192 30
193 21
46 43
X
143 65
10 27
31 87
X
117 42
177 197
53 15
X
90 148
137 119
141 161
62 180
127 87
92 52
88 196
4 119
138 171
34 192
X
18 74
66 12
40 69
102 17
X
68 36
113 141
144 54
44 70
19 165
39 145
29 108
X
72 139
144 148
61 177
X
64 15
X
135 174
107 181
9 102
55 182
122 11
182 94
146 105
83 86
11 178
78 145
53 32
X
76 83
157 145
194 49
55 180
122 121
23 14
12 142
191 88
192 177
143 197
11 79
148 143
X
105 153
189 167
X
72 60
108 19
X
98 148
154 37
129 91
66 13
147 162
72 93
162 195
X
123 60
185 74
52 191
166 169
100 167
157 144
117 41
162 155
27 138
179 32
87 57
67 33
13 89
8 146
190 68
97 84
80 77
X
146 145
158 38
X
14 93
23 68
90 10
141 173
100 19
22 150
96 166
164 85
34 104
X
125 37
154 94
92 118
49 166
14 89
X
2 132
66 14
127 88
88 190
72 190
10 30
151 166
X
79 28
121 186
117 167
36 55
124 183
193 32
3 183
91 156
182 90
151 165
66 73
176 194
137 16
181 109
125 76
76 49
X
176 81
99 130
6 71
92 197
123 171
171 139
196 60
X
167 158
73 185
57 89
62 177
98 174
54 171
75 86
170 106
158 61
172 53
77 46
11 89
111 140
148 105
15 190
189 193
92 189
109 88
33 51
175 94
149 162
31 109
28 81
106 77
X
195 115
8 154
193 60
X
105 192
55 168
67 168
31 94
9 50
57 179
118 41
X
193 48
155 193
X
X
29 137
X
5 154
128 99
6 25
191 172
145 64
130 189
179 16
X
139 72
71 146
X
158 104
37 90
X
19 102
56 88
42 116
X
145 106
42 74
66 35
X
110 73
X
18 179
194 119
196 183
138 119
26 170
128 154
96 83
15 188
166 172
123 26
53 182
130 4
105 61
127 171
61 182
160 191
117 7
144 180
172 39
23 193
187 170
177 27
172 188
118 91
142 15
X
130 46
51 30
54 157
8 52
28 136
98 167
X
115 167
66 37
83 71
154 180
4 190
54 195
X
86 195
73 91
X
108 88
77 122
125 176
193 127
121 79
94 91
78 161
74 163
X
8 62
188 68
27 76
142 57
126 132
184 190
90 147
173 189
X
189 143
149 30
X
106 182
X
126 182
128 89
177 96
88 69
33 163
X
160 13
155 194
178 154
86 9
X
136 170
X
23 60
193 129
X
66 182
14 80
128 30
X
144 59
70 162
80 129
129 164
X
140 164
13 46
8 74
127 9
107 19
183 153
57 36
188 172
109 15
42 50
47 119
64 155
149 67
X
83 84
187 159
20 17
81 129
12 108
74 60
X
120 122
134 74
84 84
78 147
140 41
34 63
22 139
160 120
141 16
111 101
59 89
176 109
62 182
175 158
57 32
143 66
143 123
110 132
129 165
195 118
82 74
X
190 50
X
11 93
186 167
129 67
120 11
25 65
172 138
23 167
X
X
194 180
172 146
82 46
X
84 73
187 171
93 118
151 31
X
X
X
28 43
139 105
X
89 123
165 177
177 141
90 173
192 181
X
24 83
41 98
171 123
4 74
63 188
100 13
X
36 107
179 105
112 130
28 14
140 72
39 192
183 154
X
36 103
173 138
56 114
34 64
195 59
34 186
X
184 142
167 181
42 183
X
X
97 69
40 165
44 162
43 44
120 10
173 139
159 31
X
71 189
192 39
55 174
29 138
165 172
10 112
180 83
92 43
190 178
102 19
X
51 158
195 56
X
54 14
68 192
113 138
64 96
197 59
163 93
130 64
X
122 13
126 23
165 85
29 74
12 89
135 175
X
105 152
X
70 86
141 72
67 177
109 118
X
X
115 91
69 115
15 193
87 27
78 80
184 191
X
41 164
143 29
23 168
157 134
107 77
138 72
79 49
192 174
77 187
114 167
171 191
X
X
X
X
91 177
176 158
63 35
148 146
53 85
60 163
176 95
55 175
155 39
41 166
18 180
157 136
191 39
X
X
142 31
32 125
14 133
X
132 109
54 44
X
155 195
29 98
141 174
125 71
162 124
180 154
174 28
129 46
X
125 59
179 31
134 101
164 59
48 169
4 137
125 123
139 16
110 118
X
165 179
X
4 121
X
134 38
136 70
10 47
188 143
140 180
127 35
61 130
108 121
183 31
X
165 155
127 71
73 147
65 169
194 113
121 42
111 34
X
139 154
X
176 82
115 52
178 2
41 3
56 4
80 4
147 6
171 6
125 8
95 12
90 9
71 5
134 18
1 21
97 14
174 6
12 6
155 15
94 25
147 8
156 1
149 7
61 6
51 17
101 24
98 6
101 13
12 9
161 10
41 8
110 19
177 29
10 29
126 26
129 28
191 12
76 36
71 7
49 9
50 14
59 2
100 6
13 14
159 29
187 19
177 30
117 37
155 41
84 18
1 41
100 8
101 25
90 40
41 15
108 13
42 16
32 33
17 6
175 10
149 9
9 3
145 21
167 2
121 37
136 15
13 42
127 1
169 52
92 22
61 7
188 37
87 21
124 24
95 22
138 21
117 47
67 15
167 5
181 39
144 39
119 49
177 16
164 3
177 31
53 28
167 47
113 7
136 9
86 30
182 54
149 21
154 41
188 38
59 8
75 27
69 44
145 23
6 47
49 29
95 50
7 50
78 12
55 43
14 51
158 1
42 2
79 14
156 3
32 18
88 51
11 12
25 16
77 36
33 26
85 17
40 17
170 53
191 3
141 58
99 14
51 15
57 34
97 17
125 45
141 53
25 17
42 46
66 8
21 25
155 37
97 13
156 52
162 13
130 26
76 7
90 4
32 20
125 13
122 24
42 18
8 14
76 2
54 7
119 56
178 3
151 38
107 55
162 10
147 21
120 12
11 14
106 16
49 41
105 28
86 32
125 56
123 59
100 17
134 58
151 42
174 12
178 36
184 39
64 6
172 61
22 24
171 65
142 16
191 5
190 52
145 31
156 60
109 55
70 2
147 23
9 5
184 30
98 12
172 8
162 14
173 63
93 63
97 18
33 33
110 16
98 17
137 18
87 17
153 43
88 1
96 62
156 53
29 8
174 33
128 62
132 65
137 24
6 16
21 65
179 20
184 31
61 8
154 68
61 2
177 69
183 54
180 69
147 18
76 3
49 55
87 10
173 64
141 42
24 16
177 71
86 19
74 2
113 25
36 19
141 54
27 72
80 1
167 48
43 2
53 75
35 33
30 64
76 6
53 17
114 8
61 12
70 49
115 25
40 75
126 67
42 76
156 54
93 40
109 17
165 75
49 48
18 9
146 54
146 75
13 79
55 44
125 9
189 37
20 60
13 67
30 30
189 18
61 3
33 20
33 27
15 80
21 66
118 82
118 49
76 38
180 4
116 86
116 24
179 5
175 12
116 69
30 8
153 57
188 9
110 56
117 82
127 14
139 80
194 5
51 75
29 72
80 15
41 82
1 42
33 28
108 35
88 28
104 34
5 21
44 48
22 21
42 88
141 80
96 18
65 51
13 68
8 11
23 28
13 9
161 82
30 72
21 61
19 20
23 87
40 19
71 70
44 2
128 1
116 70
27 83
116 6
169 31
129 62
117 86
181 35
88 30
96 31
47 52
62 11
119 51
148 76
169 41
31 63
24 80
99 27
42 89
65 34
41 66
36 51
12 84
17 54
22 65
182 36
50 90
104 28
66 34
14 36
122 27
39 27
122 84
53 67
138 24
53 20
112 37
55 14
19 21
124 88
106 68
191 14
194 29
25 47
168 73
69 87
82 1
41 85
113 28
184 35
191 35
71 86
78 34
150 78
165 78
13 69
74 92
144 40
182 26
106 51
137 10
184 36
23 66
124 76
169 21
122 30
124 90
142 32
32 28
157 13
111 36
75 91
42 90
50 76
42 91
187 73
169 33
75 93
25 81
186 77
81 87
88 52
84 87
11 39
154 69
85 72
84 90
33 87
123 28
21 85
54 69
26 81
169 72
98 89
138 23
76 29
25 50
132 58
146 59
100 89
14 46
68 58
15 67
115 28
193 52
6 21
192 36
9 14
76 50
171 73
72 86
96 52
197 60
123 84
178 38
83 47
45 3
92 42
12 86
121 56
127 37
123 80
64 11
33 8
101 88
43 36
131 51
30 65
125 78
76 30
150 93
79 34
76 51
77 58
147 59
168 59
17 48
27 86
73 3
74 5
42 85
97 85
25 87
101 64
162 8
14 37
142 80
88 72
105 24
185 88
78 32
17 42
77 60
91 90
60 6
190 8
93 81
116 95
46 6
146 55
118 93
67 31
185 90
142 89
27 16
68 75
101 8
23 62
67 36
184 25
143 94
175 83
13 71
124 30
55 48
142 96
132 54
182 28
33 89
24 26
194 81
69 88
12 87
171 74
33 90
162 9
24 24
180 93
2 43
94 83
41 87
61 62
152 93
177 92
41 28
62 93
21 21
169 26
177 97
61 96
104 88
174 78
76 93
160 96
147 90
108 86
110 86
33 97
41 94
43 96
117 28
156 70
42 98
147 39
158 40
68 48
83 69
55 20
185 92
66 46
89 32
12 88
175 96
44 97
75 96
190 22
169 87
166 82
69 20
162 18
75 100
134 40
74 102
109 101
66 38
5 73
36 52
192 37
55 49
41 9
132 101
77 102
62 32
128 70
80 34
146 64
17 45
133 100
5 77
72 3
35 73
66 39
132 102
134 102
141 83
110 87
84 97
193 94
19 100
180 27
159 15
19 104
68 40
189 10
104 90
10 49
22 102
52 100
56 61
38 52
163 86
17 68
166 100
168 104
84 77
190 48
163 77
125 31
155 105
38 54
147 65
159 102
126 30
152 83
175 101
180 95
65 47
111 77
180 101
192 56
28 51
131 56
166 84
186 92
110 88
55 50
15 104
64 46
43 10
184 26
71 105
126 52
187 77
81 57
33 108
118 28
79 33
158 106
33 110
136 98
152 94
188 65
30 88
102 64
127 31
134 103
28 53
45 109
119 52
63 46
49 105
164 87
89 51
166 86
91 91
172 21
30 31
171 31
16 74
118 104
78 39
178 26
139 75
146 57
144 68
152 84
31 31
88 93
102 101
179 49
91 54
18 72
13 48
64 16
154 50
34 108
156 50
129 52
22 103
146 68
4 25
122 113
53 48
119 53
70 88
30 89
80 37
195 29
196 29
178 105
17 24
147 68
126 98
128 64
150 18
86 99
102 110
82 77
30 90
42 94
183 101
100 108
102 111
173 51
31 89
99 112
169 108
188 77
91 109
170 88
176 101
93 110
74 6
93 43
88 71
181 48
169 104
55 51
87 112
87 114
83 50
118 106
117 84
136 113
138 114
7 114
43 9
102 5
186 101
110 110
169 109
133 54
194 51
86 112
85 97
158 108
61 97
160 105
13 104
38 70
93 111
44 112
170 108
75 107
158 109
53 55
163 110
1 94
109 39
181 81
42 115
46 63
77 96
34 75
65 15
43 116
132 105
88 95
193 95
162 20
161 40
16 76
127 47
65 17
12 40
52 116
56 69
156 56
19 17
176 60
52 118
104 51
6 15
137 100
196 31
9 48
181 82
88 111
60 89
159 75
40 91
7 86
36 108
127 12
139 73
98 69
99 92
183 108
137 105
169 61
53 40
55 115
95 98
195 114
190 117
196 56
36 53
132 40
195 93
179 95
188 115
70 47
44 114
98 97
197 56
118 107
110 38
97 109
162 110
74 58
57 108
152 85
189 118
26 115
32 65
25 119
30 114
29 117
57 110
38 113
195 95
63 49
96 65
40 113
187 100
30 116
44 69
149 95
55 116
26 121
172 48
188 116
31 104
55 118
97 99
88 96
4 24
37 75
177 101
32 105
76 80
49 107
135 105
196 94
155 83
180 109
149 91
110 113
134 55
15 102
17 79
28 119
17 25
31 117
20 34
62 33
62 34
69 114
167 56
68 118
145 117
65 105
78 96
52 113
31 121
30 45
99 97
38 41
76 82
144 36
105 72
69 90
49 108
149 114
94 33
183 52
147 119
103 101
148 118
45 10
80 38
32 66
139 77
83 44
55 102
30 76
91 93
190 76
146 58
192 8
145 123
160 42
20 100
16 115
5 99
111 39
81 73
29 95
17 46
54 120
182 95
118 94
16 118
132 42
25 116
63 97
184 29
5 24
20 117
46 10
161 115
6 117
55 103
4 122
176 78
136 110
193 56
78 82
8 119
178 119
38 116
30 46
152 52
179 78
182 117
114 81
177 124
70 119
67 103
2 95
45 70
179 124
181 122
33 32
91 119
138 14
161 74
42 69
159 77
91 123
189 41
87 108
170 38
93 124
8 121
88 124
170 46
87 123
107 118
17 115
106 122
93 93
118 53
65 114
167 59
107 127
90 102
42 112
45 119
8 122
43 122
28 78
57 75
136 111
65 18
7 121
187 106
123 109
12 106
182 96
41 124
176 119
138 43
43 125
47 122
105 59
43 86
155 40
40 44
152 89
41 128
43 123
169 56
133 113
9 110
75 120
193 57
51 48
189 114
76 119
106 58
127 121
174 51
90 120
76 122
134 41
105 100
27 121
122 122
153 88
123 124
119 59
105 123
11 87
136 121
40 88
176 104
145 119
86 123
171 108
127 110
141 96
65 116
5 28
147 78
46 110
115 80
34 31
115 89
40 43
169 57
65 20
114 82
144 52
168 100
6 100
141 77
143 56
170 40
171 110
69 91
189 81
92 123
138 120
190 100
104 64
44 63
74 88
137 123
160 124
146 102
107 73
161 36
78 97
8 61
189 82
49 110
20 123
24 125
24 126
31 114
135 110
138 113
131 113
28 126
169 123
128 65
171 121
69 92
183 122
118 108
31 126
64 97
117 43
57 20
190 82
34 126
50 124
190 103
33 94
92 25
71 125
30 119
72 128
74 127
177 119
50 86
78 125
31 98
138 123
81 127
136 126
93 66
136 90
136 128
2 91
189 127
190 126
11 90
189 129
97 67
115 50
137 91
146 103
118 89
34 127
191 127
104 127
176 77
179 52
106 72
194 126
12 93
59 127
60 130
141 73
44 122
63 127
158 128
50 126
16 102
114 94
79 120
160 123
190 130
49 90
154 88
178 118
160 128
162 128
132 62
162 129
127 112
111 74
54 127
13 106
24 118
11 132
14 132
20 115
75 88
13 134
106 71
86 110
24 128
78 101
168 64
65 119
115 82
14 134
15 134
16 133
120 125
115 84
22 100
66 119
57 23
15 137
20 125
67 75
42 122
92 129
78 50
91 132
5 61
5 102
92 131
194 130
13 108
94 131
64 120
136 130
170 61
4 92
67 119
8 117
122 107
93 133
170 62
74 90
119 67
121 57
191 82
98 130
179 117
145 120
100 130
189 102
67 106
154 39
119 60
190 105
15 93
39 124
68 106
53 89
18 137
179 101
120 68
98 133
15 74
102 130
78 128
103 130
101 134
103 134
132 64
109 134
156 101
110 134
175 106
192 88
145 132
9 129
104 130
141 94
71 76
121 60
136 100
54 124
147 106
145 133
93 120
148 130
175 132
178 130
26 116
178 132
98 131
52 104
107 122
94 130
12 128
177 134
140 94
68 131
181 54
115 93
161 130
38 125
92 124
102 109
98 132
93 68
13 137
103 108
70 131
26 129
178 134
92 68
72 131
73 131
75 132
16 57
167 102
14 137
69 139
70 139
54 104
75 136
146 134
166 132
5 104
169 91
166 133
138 90
181 119
127 125
104 60
108 112
164 60
73 132
102 133
167 104
12 131
38 64
18 136
167 132
170 132
42 134
157 63
150 114
