134 70
170 48
69 72
150 75
35 108
143 197
74 80
49 15
66 15
73 138
173 26
53 174
74 27
111 168
72 56
169 144
19 60
26 51
8 114
138 11
39 144
137 15
131 165
26 45
8 73
136 75
78 60
162 78
118 95
136 112
178 131
195 3
169 121
188 91
36 173
123 56
136 148
47 9
178 170
151 136
4 152
33 182
177 70
62 35
162 11
138 111
102 131
145 68
158 30
57 194
119 162
169 107
11 40
176 170
158 155
92 197
7 62
10 47
9 154
181 95
80 142
80 46
99 24
51 36
56 7
75 147
69 71
34 145
160 127
106 49
170 121
183 48
183 25
156 191
98 68
129 4
106 76
96 12
136 16
85 161
49 84
114 10
67 157
160 190
87 189
103 150
74 89
46 38
89 149
175 130
131 42
147 38
3 95
18 74
116 28
79 158
6 77
172 51
161 195
180 154
103 163
148 160
141 57
159 110
39 175
162 194
152 57
38 36
168 41
190 74
82 90
96 32
94 22
179 119
29 138
190 172
44 98
25 12
103 72
4 43
158 19
155 192
53 113
173 47
28 52
68 193
147 93
39 70
111 179
143 144
192 189
104 147
19 19
69 194
12 107
61 93
72 152
125 119
115 12
87 120
148 64
4 91
175 9
134 23
55 41
12 89
27 138
137 174
125 124
167 179
124 84
51 154
54 68
158 153
124 99
162 191
77 49
6 13
162 124
33 192
98 107
108 38
78 109
137 102
125 12
89 57
74 4
54 125
78 149
74 131
171 9
169 101
131 111
41 83
129 65
174 158
122 86
68 178
133 146
58 134
135 10
25 123
87 145
123 153
192 156
144 143
111 134
53 78
126 84
178 157
150 16
55 145
192 144
93 119
192 145
91 4
69 73
45 2
111 175
67 159
43 85
66 3
175 168
5 59
146 56
160 133
86 194
102 106
17 152
83 72
136 150
20 152
93 181
179 183
46 66
64 4
34 65
32 98
139 76
12 175
135 177
53 47
100 12
31 51
154 57
136 127
32 155
86 104
23 60
138 122
59 87
100 7
109 13
29 148
134 71
103 88
59 155
104 131
15 51
25 84
74 163
59 160
110 55
20 153
128 23
37 169
2 176
68 44
148 158
107 121
36 169
99 26
148 21
57 190
136 91
190 67
72 60
179 108
192 170
106 61
36 17
89 120
118 167
152 164
99 149
155 42
118 92
190 195
59 163
24 127
57 109
120 193
96 167
100 131
14 53
164 85
128 190
79 16
130 27
161 94
104 36
30 32
104 107
146 143
134 74
161 110
104 59
68 121
183 30
103 47
128 91
28 50
66 180
104 164
196 93
90 167
138 100
94 32
162 167
53 120
138 91
157 71
68 115
75 86
174 77
141 16
192 11
110 112
24 87
81 88
142 59
62 61
38 69
10 113
119 163
127 50
3 194
43 128
180 122
41 19
21 6
75 178
130 29
67 136
29 118
17 168
140 91
135 100
194 95
194 89
77 100
51 115
75 102
134 98
166 155
142 40
74 188
99 99
75 150
69 60
113 8
105 56
146 145
114 83
112 112
98 147
95 54
143 66
41 49
79 73
160 20
82 72
120 37
77 80
34 109
177 26
182 122
69 5
21 100
129 47
41 155
74 157
141 89
177 78
143 58
138 75
52 144
111 167
52 76
159 167
56 62
84 103
69 102
140 12
38 91
158 20
62 8
84 17
13 12
106 32
4 118
52 164
4 119
54 179
48 5
179 77
4 154
132 132
194 90
6 24
23 5
28 26
99 158
106 179
125 60
76 39
7 117
154 89
34 76
114 85
151 166
154 101
183 27
65 120
108 34
148 95
181 27
98 31
73 125
140 162
112 31
73 161
71 73
124 130
141 123
169 51
155 85
107 71
194 78
119 48
174 29
80 39
106 73
90 10
160 129
127 171
150 181
180 94
52 171
173 62
167 28
19 191
9 102
38 87
152 55
173 190
181 179
191 186
142 41
37 175
3 43
158 39
95 30
93 80
121 185
50 27
106 75
107 13
24 181
184 27
108 127
126 8
13 142
171 41
152 22
20 187
51 18
76 27
112 122
28 136
86 102
146 105
44 95
129 153
7 111
175 109
169 32
193 186
26 123
19 153
118 47
143 188
145 17
183 35
193 46
104 39
138 156
109 98
52 68
114 24
93 138
51 44
53 150
171 51
71 89
137 144
41 4
167 189
77 119
20 188
28 44
81 142
168 119
40 70
75 165
90 41
49 88
178 78
177 83
196 96
37 76
72 91
80 143
81 49
61 129
75 137
17 122
123 170
58 139
71 39
49 189
77 13
71 128
194 82
138 180
89 2
135 126
10 165
188 90
81 34
21 156
78 46
160 50
162 192
184 191
6 10
77 186
94 91
34 51
170 89
87 155
41 196
107 192
109 163
133 56
112 132
72 127
14 72
188 73
51 163
45 7
67 17
33 98
24 25
59 129
133 141
179 69
64 155
136 132
28 80
143 190
140 77
5 29
34 184
15 89
150 161
78 81
79 179
27 45
101 193
129 51
183 185
178 109
104 97
120 9
146 114
156 120
24 137
56 24
33 105
25 191
42 36
118 184
185 89
73 193
11 166
147 67
67 133
114 93
51 146
105 182
23 86
98 91
6 184
37 56
47 53
28 121
144 188
180 90
63 1
102 71
10 14
100 166
28 74
190 78
5 133
120 161
108 161
26 181
158 60
42 74
154 71
67 49
72 57
179 2
30 194
132 131
101 92
64 172
84 89
177 132
157 9
56 83
188 67
122 133
86 59
156 153
60 163
88 9
112 138
69 115
149 166
92 109
58 59
27 12
56 118
192 182
157 105
43 133
52 163
131 65
139 99
76 109
160 12
8 26
79 60
151 28
54 100
180 180
145 32
49 28
182 2
77 15
152 21
41 156
120 15
127 67
171 20
87 84
159 78
146 76
158 10
173 61
159 107
31 170
142 37
25 181
77 187
71 139
108 74
138 77
101 27
188 68
116 144
183 153
112 34
89 54
112 176
13 51
156 155
183 192
8 118
169 59
141 195
93 194
166 134
29 188
13 73
32 171
157 133
127 113
122 14
182 50
52 141
129 89
76 91
175 78
44 75
117 40
84 140
181 70
114 175
128 52
126 172
154 176
16 44
194 79
22 60
127 97
178 30
19 6
196 183
14 27
124 183
21 60
27 78
83 90
156 63
51 34
62 1
40 128
127 174
126 174
5 123
143 184
110 162
55 108
14 108
85 33
173 33
168 62
29 190
43 158
135 22
175 7
189 14
167 197
161 86
55 139
71 152
33 185
165 4
23 166
106 63
190 68
125 149
28 42
169 135
25 134
164 58
122 145
99 17
3 161
51 174
5 121
76 46
65 71
104 132
109 35
128 188
66 6
179 62
29 41
110 167
180 191
100 147
148 90
24 124
36 185
132 104
49 30
147 91
112 36
20 118
67 46
10 112
49 43
110 161
103 180
86 29
108 160
61 15
43 155
132 63
192 183
27 172
83 77
51 136
138 119
81 48
32 108
151 18
88 98
98 173
139 152
137 110
46 67
130 62
15 25
37 135
106 143
55 163
6 48
128 183
123 121
194 183
122 28
42 48
3 41
100 152
29 109
115 27
34 107
115 49
102 175
23 141
51 141
73 6
78 151
41 88
152 20
25 40
128 192
54 118
170 72
175 139
88 145
104 33
162 82
159 171
34 18
109 84
66 155
8 76
177 145
174 157
187 92
91 184
102 98
173 31
31 153
85 95
42 10
95 25
149 8
113 12
103 153
4 174
87 95
176 194
146 121
73 190
3 141
142 52
65 172
104 106
34 110
97 157
152 50
124 170
135 173
117 70
8 146
2 130
109 31
160 15
63 6
184 141
39 116
130 25
177 95
168 40
160 191
24 79
7 87
192 35
47 50
44 124
6 139
90 183
52 157
7 14
55 136
118 90
126 109
137 70
189 192
191 193
128 68
141 71
159 155
104 101
124 129
58 89
167 33
172 178
4 72
176 81
95 62
151 43
77 145
6 186
93 121
23 14
135 175
109 118
133 110
21 68
17 188
29 136
4 74
135 103
132 100
4 121
139 180
118 83
166 103
120 13
155 12
45 110
63 180
172 163
123 175
12 69
124 180
52 187
35 103
33 56
120 151
48 108
64 14
X
162 153
116 140
25 83
80 13
139 94
41 125
37 147
53 29
104 152
187 22
7 174
24 123
151 16
121 142
188 156
24 115
X
36 144
44 115
141 174
135 139
18 121
72 146
16 90
169 30
152 182
127 88
54 52
110 169
20 166
70 50
151 164
175 133
99 110
117 186
153 29
151 29
128 45
74 125
154 95
55 187
52 24
52 173
126 46
52 158
122 112
130 64
63 192
97 83
37 171
165 74
112 35
91 121
189 22
105 144
92 64
36 139
153 170
83 45
55 47
14 130
80 14
87 97
94 31
121 38
186 68
74 150
54 157
66 14
17 137
175 94
172 176
194 179
53 27
188 119
129 164
183 102
67 102
3 91
39 65
113 27
5 172
184 194
84 81
24 42
179 31
102 8
113 100
160 54
38 193
62 59
188 88
65 11
169 106
165 87
175 107
12 132
166 172
139 9
182 5
111 147
49 86
54 3
125 84
56 78
156 196
126 176
5 60
16 53
24 119
154 86
135 122
153 86
181 101
167 87
170 60
88 197
150 171
174 156
125 122
120 60
136 129
117 7
84 21
14 140
129 192
99 130
25 78
137 13
178 133
45 105
39 19
90 109
10 88
45 65
24 78
92 89
140 153
28 116
165 89
12 76
151 37
32 64
50 74
40 86
163 152
34 187
169 178
130 71
144 184
103 160
7 16
61 14
75 121
15 57
179 154
177 94
109 99
181 124
172 65
178 95
165 85
84 141
141 163
161 116
85 81
126 179
78 122
4 123
88 190
111 138
137 20
33 127
151 168
30 27
135 176
40 63
56 60
8 120
30 195
63 158
X
58 62
43 137
9 84
97 159
104 123
8 102
179 184
103 143
153 179
191 59
70 127
170 123
81 143
17 179
170 39
8 98
61 179
32 31
183 184
16 48
180 39
41 157
17 51
28 149
7 171
172 27
174 146
94 64
56 88
153 181
177 154
130 30
134 138
180 36
182 109
91 110
133 147
185 136
97 112
79 161
160 74
46 40
167 88
8 75
108 36
168 87
83 86
167 46
189 167
108 157
67 139
134 75
36 106
24 129
107 74
103 124
192 46
49 155
41 146
164 158
29 160
106 162
50 44
64 76
122 125
71 146
175 91
33 153
181 90
67 121
5 119
134 190
110 139
38 185
34 195
35 147
127 4
139 98
120 195
188 106
51 113
89 147
190 178
105 97
67 160
49 47
171 18
197 57
78 127
23 167
96 63
55 146
85 56
X
186 172
30 160
150 9
13 102
130 52
166 2
167 6
107 87
186 155
8 84
17 47
86 154
X
119 50
X
127 120
85 57
30 170
115 163
173 12
91 131
149 78
147 150
180 2
138 19
40 164
87 109
74 29
129 165
X
180 76
183 136
59 4
67 132
43 48
67 35
67 72
112 120
126 124
185 165
179 70
33 95
182 3
180 157
X
41 40
61 143
75 67
63 159
129 46
75 122
105 189
65 104
117 42
110 58
113 10
116 68
146 78
180 190
55 75
85 143
X
179 79
171 46
38 67
125 176
114 164
88 56
X
41 50
152 137
160 57
23 192
169 60
12 151
92 51
67 168
36 73
50 113
78 106
141 144
126 68
16 107
133 42
136 177
32 192
141 150
114 28
171 8
138 183
157 15
X
132 168
185 91
158 137
92 137
41 27
140 9
165 90
101 190
126 47
50 55
150 76
3 190
158 104
103 161
114 163
31 125
89 105
180 186
139 174
30 98
140 13
160 194
64 180
50 47
73 56
67 20
39 62
38 68
191 48
47 3
180 158
193 174
42 133
150 21
X
123 74
10 11
61 95
98 189
63 155
17 67
76 174
148 93
171 26
12 38
145 188
68 139
187 88
157 49
92 175
144 119
154 136
193 142
147 161
55 174
64 3
17 44
195 183
63 50
101 5
110 98
167 181
156 122
90 112
33 160
25 68
67 171
110 73
189 65
67 182
16 177
92 52
81 1
67 134
49 194
76 189
24 27
25 139
187 172
22 101
22 9
191 57
172 50
142 33
133 103
38 30
157 69
183 106
163 169
62 31
195 113
159 154
144 64
52 44
190 116
193 96
160 33
81 33
158 135
54 110
55 23
10 147
16 156
97 97
73 163
176 58
123 26
56 169
X
56 168
126 4
15 108
X
86 161
125 123
51 135
77 46
121 109
74 99
34 181
88 27
78 51
X
180 124
125 179
28 12
21 62
167 100
136 77
64 93
98 8
145 150
160 29
144 150
31 87
160 120
124 86
167 3
74 166
6 138
154 144
16 91
X
143 81
69 40
118 85
81 136
56 152
X
187 21
X
40 173
86 124
140 45
41 7
107 189
121 107
19 123
169 146
55 15
94 191
140 83
20 17
165 2
167 161
136 105
91 43
75 108
51 23
134 113
30 146
68 179
168 46
65 156
47 123
64 121
143 102
X
43 112
59 7
106 140
127 45
21 151
42 17
51 20
175 104
35 54
11 6
122 104
193 130
X
X
14 39
193 192
119 43
42 62
11 13
79 3
X
121 42
141 90
133 105
184 143
65 50
78 129
37 54
23 185
118 193
172 31
133 192
31 50
20 33
168 91
102 152
71 90
101 195
39 16
X
53 139
92 112
80 56
87 164
126 39
181 108
X
67 32
172 29
96 14
105 58
74 28
68 176
193 20
74 30
115 47
159 156
3 133
47 119
X
55 53
70 70
51 138
125 67
168 74
14 118
182 179
100 150
70 40
52 119
161 174
3 185
61 130
3 182
13 179
144 180
93 85
190 101
X
152 53
76 83
71 131
123 171
118 70
X
136 170
158 32
161 172
120 145
105 164
81 45
X
109 113
80 29
157 144
89 59
42 37
167 32
74 161
192 177
181 123
73 65
83 71
25 141
6 98
174 27
110 179
26 78
177 141
170 182
53 154
180 81
75 7
104 35
18 174
8 100
147 9
X
4 162
78 83
192 158
38 66
129 48
169 49
171 123
137 14
168 61
40 115
44 43
183 123
14 129
170 177
173 188
X
120 41
57 32
148 75
125 89
33 195
76 107
134 72
91 177
30 87
120 10
56 6
192 22
91 120
179 29
181 109
X
55 16
18 176
83 70
194 48
56 3
60 85
193 78
189 178
13 128
111 75
121 129
140 11
143 53
168 123
4 21
140 173
X
8 150
131 41
122 162
188 22
157 137
178 58
184 155
57 118
155 5
101 62
3 140
190 168
149 162
9 130
54 107
90 192
171 119
179 106
21 87
42 50
X
175 95
35 154
53 90
114 12
15 77
53 187
192 18
176 158
138 95
23 182
153 28
10 132
137 95
147 102
18 123
90 196
169 194
109 131
84 101
72 194
97 16
127 13
33 162
X
43 166
80 77
51 21
168 102
142 54
127 8
3 178
108 167
105 159
63 47
16 104
56 151
175 162
87 83
175 102
134 192
109 100
172 26
56 136
125 38
8 123
190 77
X
182 138
59 89
152 165
32 160
50 51
78 107
135 20
34 105
32 19
X
35 181
3 39
143 29
186 106
X
171 106
96 66
21 32
30 66
143 65
18 177
174 162
136 72
81 56
178 122
64 5
71 189
55 54
183 178
75 174
66 49
159 63
70 72
177 144
113 138
141 76
53 70
55 70
79 129
38 181
152 183
194 178
53 181
84 93
2 93
126 49
X
122 151
87 3
83 136
52 168
80 60
48 55
33 88
41 44
138 41
72 93
179 16
X
190 47
X
56 68
15 76
92 69
148 145
172 52
8 60
38 55
192 118
130 188
X
53 85
134 188
184 136
133 40
183 143
26 194
126 50
140 80
12 133
142 123
103 159
14 116
110 130
134 19
120 184
180 77
22 140
183 181
66 176
128 89
34 149
58 58
161 168
178 83
141 180
49 16
161 170
147 162
79 137
175 105
4 75
130 28
112 186
176 130
136 73
8 58
104 110
101 63
59 162
27 84
85 59
4 41
93 112
X
42 121
21 28
10 52
57 193
63 176
115 6
139 103
104 134
49 6
128 4
169 197
3 184
X
63 172
132 130
74 81
133 58
142 90
151 41
155 3
155 180
96 100
109 19
152 54
158 63
26 141
16 154
92 140
192 180
38 65
X
34 188
95 79
23 32
X
100 191
134 171
24 138
68 168
94 42
156 180
144 106
57 187
177 28
119 152
124 71
106 64
163 118
4 139
122 60
12 67
63 48
178 39
158 41
128 98
120 126
125 133
162 38
101 108
192 2
120 129
189 130
79 119
26 193
56 59
141 119
161 137
151 31
114 6
177 109
12 5
164 172
178 20
105 101
49 158
X
159 8
38 31
169 103
4 39
71 104
41 29
61 155
19 165
89 193
25 127
49 188
43 94
152 86
53 115
X
137 146
13 135
120 70
195 127
4 42
26 170
95 33
8 110
15 189
23 40
149 18
105 181
28 171
161 29
71 103
82 86
3 93
33 161
X
148 171
140 15
114 90
95 85
78 54
138 164
144 103
56 84
50 40
138 98
71 75
195 145
165 116
177 102
105 153
112 179
110 14
159 104
167 4
41 46
106 62
191 179
146 191
116 163
158 2
79 1
16 46
7 84
46 104
120 39
184 139
179 27
67 137
X
12 73
122 29
28 81
122 15
X
136 11
163 96
53 41
80 58
112 189
150 116
193 50
X
137 177
179 92
X
26 42
102 60
75 3
13 46
72 135
171 189
154 137
74 147
179 122
182 48
39 17
17 125
73 151
33 152
150 95
103 50
194 56
31 192
X
119 27
119 151
175 11
182 186
158 129
11 38
126 89
9 101
65 115
53 175
106 127
76 1
97 113
X
41 30
157 12
50 30
147 88
187 157
161 8
52 154
107 69
77 174
32 123
159 194
54 50
57 188
120 69
88 110
33 66
55 171
173 53
9 4
106 55
106 60
167 27
105 179
136 167
87 19
171 21
147 143
181 72
68 56
105 39
91 182
189 79
32 54
161 95
65 168
4 151
164 154
172 138
51 52
79 27
41 10
81 128
105 55
121 184
110 15
68 47
151 178
65 75
5 103
57 36
75 1
98 92
136 76
176 19
128 39
148 164
96 19
55 119
86 158
170 91
156 179
116 47
197 181
64 145
87 125
6 23
156 72
21 86
113 99
50 79
143 195
94 195
84 73
X
66 178
46 119
145 106
121 194
96 97
119 25
119 70
X
83 143
193 127
90 53
163 78
166 168
190 118
34 66
183 155
40 29
19 121
60 127
170 21
X
139 105
109 187
32 193
181 117
147 189
44 123
74 65
14 89
195 119
30 148
72 59
147 7
89 56
10 6
81 126
55 76
186 66
168 159
87 162
110 13
108 84
66 172
13 44
X
107 123
46 44
27 136
102 89
14 142
154 82
44 37
170 74
48 169
31 6
141 184
35 56
189 160
11 177
64 1
107 19
90 103
68 36
81 59
138 44
55 110
X
125 11
38 44
129 23
58 140
133 140
72 166
45 157
142 119
62 182
183 190
100 193
17 124
156 156
51 29
56 135
100 172
131 112
42 43
160 139
86 10
77 59
46 37
X
28 94
156 5
148 143
40 162
49 54
1 95
X
151 171
52 114
162 12
113 150
43 124
169 176
174 31
165 91
61 58
31 26
76 47
178 32
117 25
160 36
194 87
97 30
143 42
75 138
76 161
62 177
163 117
111 34
190 102
125 39
X
160 63
27 97
32 17
85 27
181 190
158 127
100 164
102 72
135 140
84 76
159 10
61 188
17 56
173 145
51 14
11 80
121 13
27 170
43 74
108 31
125 37
29 150
169 29
84 75
74 98
124 70
63 15
77 122
162 42
7 26
52 170
X
43 62
122 10
94 62
130 46
127 35
28 125
77 34
138 103
193 114
100 91
85 30
40 196
81 29
141 161
193 178
X
66 72
113 141
X
192 181
125 47
X
168 72
155 11
127 87
86 7
135 138
X
92 107
134 76
167 30
113 98
182 35
90 43
168 161
17 78
125 121
105 192
2 191
6 131
X
90 145
54 47
158 31
9 150
174 30
192 115
98 108
139 74
122 23
67 33
34 189
157 11
44 49
187 167
124 74
9 128
160 174
35 105
18 175
55 77
5 174
85 101
26 83
36 149
158 36
38 194
39 171
72 65
29 94
53 195
151 137
148 9
X
162 152
24 18
28 128
X
X
194 180
22 17
24 21
37 89
188 100
111 73
104 91
172 6
X
112 121
55 18
64 72
39 112
65 171
107 88
26 87
182 104
35 155
179 109
175 197
168 178
102 147
87 146
65 8
24 134
166 4
132 115
195 142
30 150
36 103
X
60 62
112 140
X
56 85
X
115 53
187 142
170 146
2 132
157 3
161 167
81 141
5 27
22 28
85 157
54 5
56 36
188 89
133 165
193 129
47 55
66 11
126 70
X
65 1
69 36
4 148
121 120
31 49
73 191
X
56 32
98 172
174 26
44 76
138 70
55 147
53 140
179 18
183 105
28 114
165 169
14 191
4 77
34 63
188 66
170 51
5 71
87 33
16 93
148 133
192 29
193 116
190 18
X
29 161
66 179
116 176
X
154 94
190 115
176 154
40 77
23 195
81 55
22 135
184 151
134 146
X
91 2
123 104
X
90 1
81 60
117 11
159 95
155 9
X
54 18
20 167
197 182
100 195
39 196
193 183
118 84
158 37
93 129
55 150
78 102
145 57
3 186
62 60
163 172
139 162
164 74
193 48
12 176
69 86
187 90
X
10 154
191 172
10 146
13 15
51 84
124 176
159 54
133 164
21 150
107 162
189 194
X
45 107
159 40
159 170
34 27
88 69
113 147
190 46
129 91
67 177
29 141
63 115
X
92 118
124 108
84 19
X
66 76
X
90 7
171 122
4 146
110 189
121 152
63 31
39 41
90 105
138 16
31 115
44 86
78 99
176 61
108 59
111 76
40 144
119 191
93 183
141 81
52 36
133 111
90 169
161 78
124 110
139 100
167 26
X
113 11
67 163
62 130
7 48
71 72
52 117
91 51
110 190
7 46
137 9
90 189
70 164
126 131
106 182
142 38
14 141
68 120
33 53
106 50
139 154
86 191
97 62
162 86
2 131
46 83
5 130
130 23
161 96
160 55
46 2
21 152
51 194
23 6
50 115
28 98
157 120
176 109
15 179
141 59
58 83
191 130
178 172
147 37
178 37
79 29
X
X
79 138
120 122
25 165
152 28
126 13
104 38
41 145
37 90
X
31 97
137 98
93 107
X
7 165
85 19
191 87
66 75
148 131
13 72
146 144
188 137
131 115
100 154
14 131
167 61
143 106
60 59
30 28
136 24
71 37
X
50 18
59 85
170 119
127 9
30 108
170 138
65 117
122 132
52 127
86 141
57 87
88 97
59 62
69 168
106 17
6 154
76 89
173 197
157 57
177 140
158 4
149 6
144 59
120 158
95 99
51 30
26 169
111 149
33 96
X
177 197
161 133
112 190
154 91
52 86
24 120
26 184
189 193
152 56
172 110
11 84
28 123
128 30
6 153
39 39
128 191
18 189
132 156
176 106
157 101
42 116
41 162
20 35
31 190
65 180
55 179
125 27
5 101
1 91
160 61
157 195
36 172
94 92
155 72
69 132
X
4 192
138 109
15 188
65 106
41 97
31 33
17 80
135 9
121 133
82 73
141 56
X
157 135
122 121
21 63
98 100
31 110
147 190
7 146
121 149
188 35
118 91
4 40
100 151
5 141
X
106 124
72 147
148 18
51 80
148 53
51 173
193 59
120 121
126 48
27 95
11 9
X
X
70 125
13 176
48 7
196 97
54 158
123 173
107 179
66 7
167 135
X
27 74
157 145
153 90
77 150
170 31
178 123
23 165
16 105
18 188
188 40
42 77
126 24
75 119
108 122
X
64 159
51 78
188 151
71 106
109 130
X
53 54
X
192 60
144 197
36 147
31 152
X
X
118 163
70 17
169 189
92 41
165 86
165 179
13 26
188 165
70 163
70 76
156 194
62 95
112 38
123 154
188 114
107 181
183 50
119 104
146 40
99 154
93 84
139 81
131 159
16 73
105 162
88 94
40 142
75 65
34 190
99 108
91 133
180 178
165 172
102 99
46 64
132 103
14 115
158 110
189 8
91 118
20 148
191 79
105 186
40 37
6 123
66 181
138 121
193 93
19 169
51 54
40 116
63 178
117 12
145 134
63 160
135 150
163 108
75 157
X
128 36
100 28
65 121
160 121
121 104
90 177
115 179
107 182
114 84
180 177
137 173
155 190
189 21
81 31
122 80
10 114
159 133
92 91
44 10
78 48
40 169
83 83
10 87
116 12
96 83
164 78
182 94
79 46
53 171
74 158
4 133
4 26
102 134
50 151
70 6
140 154
2 133
172 146
148 77
99 8
191 174
26 40
65 72
77 56
38 126
20 21
109 122
138 72
165 77
105 25
117 80
104 89
174 154
63 95
187 136
161 189
53 163
101 12
X
55 3
169 74
10 142
106 74
140 89
170 18
X
117 144
49 44
45 67
69 105
144 33
56 86
68 180
110 59
93 25
151 134
138 89
191 50
160 19
88 102
70 36
157 192
170 135
125 170
185 138
151 181
94 41
39 145
62 97
33 52
157 68
74 159
173 141
191 10
11 178
24 65
143 39
145 22
43 164
84 28
49 192
31 147
134 56
178 35
152 16
X
168 75
117 67
85 137
141 145
57 33
168 56
87 2
23 68
161 30
159 76
87 167
70 126
87 158
122 74
28 27
34 26
169 65
124 179
192 40
184 192
85 82
72 63
109 159
164 171
106 19
13 13
91 129
69 46
52 135
157 53
193 187
17 119
70 194
40 166
86 190
121 39
135 75
68 37
144 118
24 139
54 14
52 70
186 88
182 25
172 49
103 49
111 132
127 170
61 147
178 120
146 18
147 20
55 101
154 142
119 193
33 63
6 25
81 27
139 11
135 24
107 39
103 106
108 121
124 89
127 71
172 32
138 18
137 99
30 73
111 100
171 10
63 35
76 150
38 144
129 71
188 154
74 139
132 169
24 140
51 43
88 104
99 100
57 62
86 111
169 188
99 5
57 182
124 113
104 37
38 124
105 187
68 134
82 138
25 125
159 96
141 175
184 142
99 19
126 99
13 88
89 4
65 14
49 109
53 176
22 36
11 67
134 168
163 106
104 175
55 35
187 154
44 44
147 57
110 39
102 108
166 159
159 13
159 174
39 142
82 141
166 158
169 192
26 118
98 54
67 135
141 196
48 171
97 63
31 105
27 98
165 76
38 38
13 191
2 21
48 106
194 31
142 150
54 195
X
137 152
192 178
42 155
19 151
150 180
134 110
158 124
107 17
7 168
139 14
X
108 72
131 192
147 118
169 38
97 167
46 39
179 35
9 11
148 166
72 64
167 194
186 90
173 196
90 104
29 186
12 149
57 73
42 179
127 86
5 191
19 61
66 1
13 89
33 103
110 57
25 150
157 194
94 67
54 109
59 130
163 74
158 5
52 126
32 170
109 73
67 155
142 106
15 191
154 180
117 53
175 134
88 147
79 75
84 102
14 24
187 168
36 56
91 180
10 48
71 60
94 69
38 49
89 154
87 72
49 5
25 148
155 10
75 64
14 74
178 117
191 46
127 124
142 181
16 155
81 32
93 64
136 131
164 115
102 91
162 36
52 166
106 192
75 161
130 180
67 40
171 181
43 77
X
103 111
20 121
70 56
64 7
93 22
6 183
87 105
22 147
186 65
125 77
51 171
143 44
31 108
78 150
70 59
191 4
X
22 5
80 129
67 158
145 196
154 105
122 158
35 20
52 78
42 70
192 41
117 93
X
94 79
53 136
84 164
109 132
18 134
19 167
57 35
44 82
X
98 30
40 87
114 92
145 102
X
38 112
145 65
113 139
83 3
90 154
X
6 171
102 88
29 115
16 174
76 81
130 69
141 14
73 166
117 140
41 96
11 78
59 158
89 176
X
12 14
31 94
97 81
50 190
X
123 57
92 138
85 84
27 116
90 197
189 128
176 91
8 46
164 4
78 16
148 56
17 43
31 127
16 24
23 184
116 49
34 155
X
152 49
182 30
12 85
169 145
X
98 90
40 172
53 192
170 28
19 188
126 125
41 70
115 51
64 2
6 49
X
143 147
138 173
127 10
135 132
148 162
91 189
X
151 22
106 59
182 101
49 17
138 169
34 104
134 170
47 10
125 57
17 76
12 90
186 136
73 67
145 19
33 123
139 70
X
56 113
118 192
46 62
63 177
24 20
63 45
149 164
151 9
51 187
105 180
79 31
42 82
65 102
113 26
132 98
X
169 50
25 46
52 75
191 115
42 158
X
104 172
14 139
118 195
74 86
175 161
51 35
177 20
3 130
25 86
43 70
168 60
66 31
170 26
77 98
110 163
42 96
54 108
75 160
86 168
1 22
50 77
144 183
13 40
71 132
X
125 97
132 161
88 29
71 147
X
162 15
100 14
130 181
36 50
141 146
46 70
98 159
5 58
X
X
150 19
191 177
52 69
52 32
56 79
56 137
53 36
142 39
132 192
36 20
15 42
156 190
7 112
187 166
166 194
113 101
25 169
77 45
55 180
189 106
54 136
147 94
20 124
178 168
28 127
38 192
27 94
64 31
56 179
142 103
160 53
167 29
172 180
136 109
27 137
173 139
90 147
130 50
X
68 46
106 123
81 86
169 102
32 185
155 195
39 143
152 184
73 147
X
158 56
56 195
145 145
53 141
176 20
X
64 73
155 49
178 27
137 141
126 133
68 20
X
96 85
142 197
10 128
159 139
165 196
112 118
156 142
115 52
34 20
39 147
187 171
161 127
136 89
X
112 33
188 117
24 165
107 85
24 117
41 195
103 162
124 109
126 14
22 26
143 57
194 144
120 163
23 194
43 98
70 45
7 167
149 89
34 49
194 186
88 168
84 94
127 173
120 144
81 3
54 70
X
91 40
128 189
110 140
5 117
30 190
9 131
130 191
110 31
29 7
X
53 24
X
101 60
28 147
53 138
106 38
110 147
21 34
156 176
78 29
X
X
71 162
13 132
31 52
104 31
34 144
46 106
70 190
37 49
113 149
115 175
5 139
173 195
X
148 57
160 60
15 79
45 106
X
32 94
74 56
132 38
113 24
72 187
165 82
93 24
188 157
159 74
140 181
29 40
75 63
99 195
71 71
X
36 49
189 174
6 27
78 100
175 158
63 188
100 149
113 6
X
43 50
49 106
183 179
125 183
X
153 37
168 65
66 116
1 25
129 50
9 112
43 3
85 35
183 49
188 120
51 33
20 102
77 107
36 175
55 73
29 120
77 16
191 187
57 179
141 74
38 114
33 31
24 46
92 40
137 139
91 157
190 156
61 127
X
63 179
22 139
27 75
107 35
154 37
91 3
62 6
66 40
32 127
X
4 164
191 166
157 139
147 89
60 61
84 137
6 130
69 2
155 84
137 171
94 89
68 172
179 54
86 193
25 45
126 121
195 57
84 71
107 15
73 189
103 99
30 121
188 41
115 91
55 195
122 111
X
34 73
X
107 72
19 9
25 65
167 31
63 116
179 50
97 100
134 105
124 68
42 128
51 158
171 76
89 1
94 43
102 173
16 152
104 182
52 30
190 120
128 84
127 123
145 52
133 149
85 68
88 189
195 32
193 19
133 114
41 164
69 75
49 10
23 8
X
152 169
81 54
160 62
67 172
1 39
131 58
57 140
X
67 162
141 176
X
124 124
53 35
104 99
182 181
138 154
3 163
52 120
102 28
126 28
32 49
140 96
172 179
73 152
8 168
86 120
41 5
84 86
137 22
54 139
15 132
93 192
80 49
129 45
120 146
27 47
78 119
134 21
23 134
155 176
39 15
105 152
48 110
178 72
X
122 56
141 160
163 94
44 179
116 53
X
187 139
47 121
34 125
X
87 18
78 145
67 180
66 36
52 18
52 150
113 179
34 19
70 93
56 120
46 42
35 32
X
108 113
189 172
4 184
94 93
90 51
X
42 66
77 27
181 120
1 23
119 28
57 24
68 136
167 86
81 129
44 165
42 125
111 99
141 41
132 127
X
72 125
117 39
179 186
139 173
49 195
23 67
91 112
178 69
X
51 195
169 119
180 3
31 28
136 18
191 118
111 130
100 133
10 84
85 164
26 47
145 130
103 24
171 48
188 152
127 23
192 90
125 51
166 104
90 146
94 190
43 183
43 40
151 7
20 186
147 95
176 172
17 167
13 188
9 26
163 75
178 5
51 50
X
74 100
112 147
133 159
168 133
124 87
169 132
191 37
51 27
74 34
135 113
100 5
168 53
131 156
187 104
31 109
133 130
X
168 38
123 172
104 68
162 96
49 4
95 52
133 160
122 11
X
161 32
188 92
131 188
187 138
153 171
179 105
79 178
70 44
95 138
17 57
106 15
191 160
X
18 180
103 164
139 89
75 98
97 52
147 171
25 121
138 170
65 103
119 108
22 104
92 189
5 98
45 133
89 35
151 30
179 53
78 47
63 156
56 106
118 105
145 116
92 177
137 96
169 110
24 12
91 155
171 7
81 90
26 79
137 101
149 64
X
190 41
156 13
87 101
124 121
X
156 105
125 145
81 125
44 162
78 98
X
127 27
93 89
55 113
151 180
32 152
125 23
141 93
77 51
35 75
25 151
30 47
195 130
191 192
X
42 40
108 88
126 130
31 55
61 181
83 48
44 6
118 68
108 125
28 150
177 32
84 136
154 92
X
114 179
95 53
162 195
77 189
160 52
35 144
158 3
130 179
177 60
40 76
76 105
101 130
175 164
10 153
187 160
99 147
70 3
87 194
128 35
182 39
126 71
73 128
22 83
X
192 130
171 191
92 43
34 192
27 129
176 17
10 27
126 27
X
52 191
179 71
169 191
150 88
54 24
169 183
68 16
93 67
43 44
162 122
44 155
40 165
62 188
5 193
77 157
149 65
55 175
159 169
51 22
114 91
98 52
105 73
22 138
195 126
191 126
97 84
176 18
40 161
179 158
43 87
127 85
146 52
157 153
129 49
41 95
126 183
129 1
98 51
155 196
63 3
97 80
51 147
94 40
35 135
109 86
X
171 138
86 27
193 60
147 191
66 121
55 78
185 143
191 22
X
15 176
119 57
146 123
183 51
34 124
77 109
114 80
103 127
48 167
29 139
17 7
180 119
138 171
36 110
8 13
42 63
194 49
51 24
59 161
32 63
144 182
169 28
138 177
139 45
65 77
42 183
60 8
186 141
166 88
28 28
111 110
184 37
192 31
90 123
172 107
22 141
141 52
143 83
112 187
29 108
85 163
86 125
27 125
28 129
88 70
4 149
171 183
40 170
23 33
19 119
147 19
6 147
133 38
8 112
143 68
148 102
62 159
134 38
103 92
140 16
102 97
25 136
132 188
35 153
174 164
83 82
7 88
156 144
171 53
172 33
121 124
50 195
138 112
26 49
140 180
69 170
26 120
45 9
53 191
X
163 93
X
X
12 148
92 120
28 46
143 54
14 42
44 96
172 39
123 108
159 33
21 153
79 136
34 194
163 95
55 24
194 113
84 96
77 151
96 165
8 149
29 106
165 194
31 54
179 81
87 197
30 105
99 28
54 170
60 83
127 90
98 88
50 80
146 119
91 130
143 96
63 168
13 54
145 54
127 109
49 168
5 151
63 51
84 138
73 86
30 5
15 115
38 115
119 184
105 57
95 69
170 110
105 161
134 101
93 122
112 119
65 36
44 113
141 9
143 150
52 147
31 123
71 102
189 157
165 197
61 13
128 24
88 149
54 20
74 60
191 89
81 28
156 177
34 17
6 140
73 88
16 42
174 32
42 41
127 119
158 33
84 68
194 46
53 118
193 32
117 27
6 60
62 127
28 40
82 46
173 143
167 178
X
52 79
141 91
32 186
150 77
42 160
78 36
130 63
101 111
121 186
23 12
192 82
161 15
X
168 176
185 75
168 188
9 88
87 93
172 106
48 165
186 73
31 118
91 23
191 129
102 68
88 169
54 75
102 7
X
X
6 51
77 57
178 60
77 121
144 194
51 124
130 154
29 26
85 93
45 36
69 106
4 165
53 182
34 146
X
91 24
170 76
49 89
176 141
105 160
131 110
186 100
51 139
80 16
152 43
95 100
127 11
41 17
115 48
165 115
36 174
139 82
41 180
183 103
102 24
165 177
193 18
193 3
174 10
68 182
44 116
128 67
119 58
146 150
104 47
25 52
155 43
8 151
118 194
166 56
56 163
11 37
24 19
71 40
194 146
100 16
12 152
36 181
100 111
65 177
69 138
142 45
167 188
X
52 125
125 120
95 158
88 68
13 70
X
178 158
148 106
84 105
170 179
X
137 75
183 152
137 108
126 51
62 143
30 186
28 141
121 10
193 175
27 119
7 75
73 192
178 154
74 128
195 116
130 67
191 8
3 173
20 122
171 12
173 19
18 152
25 67
187 68
7 113
166 85
56 87
121 59
177 138
13 53
17 77
146 130
57 21
94 90
154 84
51 127
88 122
65 169
188 10
X
138 22
11 154
173 28
46 65
X
X
195 179
147 132
159 130
X
33 154
78 80
104 72
193 188
71 91
122 26
141 40
5 190
187 20
47 49
122 76
71 92
76 160
161 38
103 25
143 146
31 116
134 148
162 174
X
110 32
188 39
157 72
33 29
87 157
86 143
56 192
42 86
118 24
X
X
195 115
154 102
33 17
147 170
148 170
33 5
157 1
30 103
29 45
106 14
197 180
197 59
38 127
75 179
X
123 23
193 97
X
36 104
29 97
163 116
18 118
33 7
1 43
124 133
139 156
31 120
69 74
90 180
119 145
108 126
X
169 18
171 19
X
150 90
X
62 175
6 46
161 42
27 134
13 190
101 149
114 95
170 134
55 173
X
182 183
70 102
34 54
125 147
153 49
20 36
X
2 194
157 193
99 167
138 161
145 118
65 19
125 35
71 38
32 163
65 48
49 104
X
87 82
34 186
125 76
192 52
121 108
78 126
31 154
100 18
17 72
159 124
51 40
123 90
159 168
100 134
172 162
26 168
18 116
193 21
183 154
188 13
136 108
107 180
172 12
176 82
147 188
15 72
8 88
151 6
161 31
29 114
108 118
89 155
27 114
59 1
84 30
177 139
50 75
148 6
84 20
26 114
23 21
143 31
183 104
46 86
64 49
X
17 123
45 108
23 42
60 88
X
13 77
88 109
194 88
192 38
185 155
182 27
145 36
70 120
53 180
6 185
71 135
61 192
151 182
79 49
49 18
43 156
89 173
173 20
109 148
X
20 104
78 27
160 110
64 75
180 83
18 178
48 170
128 47
164 169
124 85
105 34
97 82
11 76
50 78
125 129
42 124
160 167
145 20
126 45
179 72
27 171
186 105
68 45
177 194
160 130
27 73
188 176
64 144
53 173
180 5
76 88
55 33
43 127
26 185
23 18
75 175
154 133
175 92
109 59
110 18
189 76
162 190
70 16
28 43
165 178
93 184
23 26
161 84
176 16
164 5
15 24
53 32
125 91
124 182
32 187
12 147
166 171
5 186
105 26
40 15
132 113
159 157
13 181
62 145
63 143
192 172
192 5
31 155
125 58
179 61
124 45
31 107
50 164
75 32
121 154
158 21
13 131
X
142 184
175 172
96 156
151 21
83 141
195 60
122 124
162 155
66 16
18 125
131 54
67 161
169 62
193 22
53 6
95 139
142 15
5 178
6 132
18 115
60 155
X
74 134
108 123
27 40
131 40
192 171
32 87
18 165
90 42
180 54
178 121
92 174
35 185
162 106
76 92
99 157
191 21
154 145
29 116
36 145
169 141
27 42
122 31
144 105
128 180
61 180
11 36
54 115
X
X
X
18 73
72 88
120 130
141 173
135 119
67 34
88 32
160 106
84 99
130 189
158 61
122 146
76 102
9 99
158 42
156 124
69 16
134 24
91 197
80 27
42 44
38 175
179 76
110 101
49 150
192 143
67 116
155 193
X
161 93
51 74
190 49
50 187
189 142
176 62
71 4
11 128
98 148
74 1
86 8
144 120
90 173
13 74
107 59
168 160
17 174
91 62
31 7
188 76
154 103
103 125
111 118
53 5
156 8
173 21
52 27
174 155
41 36
194 30
188 167
108 55
74 97
77 29
84 74
141 162
179 102
194 32
125 100
168 121
65 35
185 76
123 86
165 158
140 155
42 39
159 52
152 18
16 175
16 72
32 89
151 170
4 130
X
173 6
158 15
165 60
36 77
121 15
42 15
16 119
53 18
160 21
66 74
191 77
133 112
83 73
143 148
51 47
150 115
140 160
23 24
86 108
X
176 95
79 36
55 67
41 192
21 104
53 86
90 52
86 119
33 54
150 117
106 18
109 123
69 119
126 3
140 184
61 177
11 2
42 166
26 195
191 78
168 31
142 145
45 86
109 171
154 90
24 183
124 80
107 68
76 45
64 74
38 50
23 13
130 192
144 123
51 28
57 107
114 86
170 143
143 43
34 147
123 110
51 150
195 128
110 132
72 162
41 116
38 184
45 41
X
24 151
28 134
11 11
162 120
2 192
4 71
147 54
59 156
24 121
190 79
121 121
83 2
16 67
153 95
123 176
145 33
147 75
134 77
73 60
33 55
87 4
174 76
175 131
155 86
62 15
29 47
57 106
105 60
55 120
85 154
86 35
85 21
136 171
181 5
120 131
118 37
51 51
14 67
X
188 118
135 98
56 5
34 56
111 98
57 191
38 183
85 83
4 94
21 8
75 105
151 40
121 75
103 152
88 170
142 105
61 1
181 71
16 80
107 119
110 142
72 66
17 156
116 177
86 164
110 84
139 102
177 27
140 75
X
52 101
5 25
74 126
123 31
42 65
46 108
161 138
180 155
103 151
103 141
71 8
54 171
160 93
164 2
122 85
191 60
24 15
143 80
181 186
135 128
53 127
120 132
194 115
180 117
11 91
63 11
41 74
43 66
71 138
183 39
124 149
192 174
25 147
121 144
79 54
180 52
30 29
86 122
178 169
40 62
68 59
20 119
X
47 104
165 174
37 91
14 102
10 111
170 192
170 65
13 43
182 106
177 170
182 177
52 77
42 123
128 97
154 143
175 160
122 13
X
66 37
173 142
141 55
138 42
131 50
172 160
X
2 193
55 166
X
171 11
159 173
92 176
52 90
46 85
7 30
133 115
190 171
6 50
49 166
148 78
169 27
21 36
143 55
116 10
181 102
29 104
100 13
35 152
164 59
192 32
118 86
170 178
146 17
126 182
88 114
190 73
70 91
84 27
182 124
38 62
63 8
160 9
29 32
147 164
X
122 25
133 98
21 9
175 194
139 83
137 156
120 140
75 185
42 135
71 194
123 106
55 5
50 114
118 41
187 137
79 76
X
16 27
166 174
154 134
149 31
82 88
7 98
60 84
52 47
146 23
189 195
76 145
86 68
5 182
7 71
44 182
X
48 154
63 145
137 148
64 95
56 164
90 54
68 194
53 102
107 77
97 189
X
139 177
117 167
145 197
169 181
64 175
128 38
124 56
6 133
192 14
67 114
128 100
147 40
86 196
55 114
183 31
152 41
91 111
79 77
X
194 52
154 56
12 11
158 57
74 96
11 68
76 180
59 83
117 184
49 85
161 77
38 169
66 102
132 154
121 126
4 153
194 93
41 166
X
165 88
125 148
X
160 56
91 154
173 194
99 153
71 150
22 32
98 149
31 95
102 70
157 191
11 77
34 148
117 38
152 133
124 78
96 67
175 163
45 104
175 108
191 178
120 143
41 77
180 48
118 51
61 156
193 88
137 12
51 144
28 49
97 156
X
98 193
137 149
48 168
29 119
107 86
137 16
24 83
159 127
149 68
187 165
27 168
65 118
42 87
134 73
10 89
166 178
29 146
150 158
89 145
45 39
169 140
53 194
149 93
83 49
64 177
190 50
83 1
16 103
41 91
155 194
28 41
5 154
11 10
171 192
39 146
X
83 74
152 171
109 147
190 66
171 146
61 5
186 171
103 147
126 129
X
145 195
185 167
63 128
110 176
107 58
17 52
162 41
186 154
66 4
129 159
187 140
187 151
156 154
89 7
150 17
196 30
98 67
182 93
76 34
144 191
X
76 48
X
188 160
31 53
136 146
111 170
54 126
152 95
143 95
102 176
160 18
172 28
175 103
46 123
24 141
8 154
71 36
126 1
34 138
131 114
39 36
165 155
177 96
144 41
179 28
137 114
103 97
84 84
91 63
52 155
110 177
X
25 114
113 140
32 91
6 137
180 192
X
36 55
28 169
97 12
147 64
61 4
76 162
100 24
149 90
161 13
158 13
45 134
67 131
144 57
54 151
187 170
52 14
176 132
52 124
107 124
100 173
70 46
27 173
60 87
35 139
11 139
120 148
177 18
102 6
9 2
7 27
65 16
154 93
25 44
61 162
30 33
49 7
68 177
129 162
134 42
86 114
31 8
162 130
77 188
7 110
188 143
27 139
38 182
12 142
13 192
164 57
72 150
170 176
2 39
88 59
133 132
42 136
56 114
49 3
98 176
16 188
152 37
27 123
4 163
61 176
171 188
63 182
56 170
189 19
17 166
17 133
51 41
96 159
165 56
184 137
160 78
37 137
41 112
33 6
100 92
47 47
146 117
192 9
46 43
149 118
44 70
106 77
73 93
131 55
72 190
188 78
121 9
12 74
X
157 146
183 180
122 130
195 56
7 119
74 59
147 182
137 150
61 189
110 111
180 50
10 2
93 62
141 72
142 180
6 104
103 51
X
189 115
25 185
104 173
109 121
53 84
109 110
94 197
87 57
70 166
24 114
25 129
66 168
4 95
91 158
79 159
157 124
93 23
93 91
158 139
14 48
64 45
124 60
146 122
92 190
23 41
4 120
49 40
54 40
194 80
41 98
139 104
69 121
126 23
30 74
194 118
154 70
69 89
31 91
16 191
84 88
82 74
91 64
29 137
14 69
150 164
120 124
157 8
11 4
111 101
105 142
172 109
145 115
123 60
130 4
137 138
84 98
108 170
174 8
79 122
141 45
40 194
156 15
161 118
176 118
55 17
53 43
33 91
140 41
152 88
105 47
76 87
74 33
137 89
139 41
158 101
123 161
39 67
175 170
44 181
193 194
91 92
98 164
130 65
169 58
X
180 38
58 61
14 44
112 32
69 131
4 161
149 169
195 187
79 127
187 102
160 31
97 19
55 74
23 168
4 176
142 36
15 48
6 14
121 192
123 129
64 190
8 30
194 60
X
133 144
169 48
38 53
170 106
130 161
41 2
9 100
25 149
14 128
97 190
78 58
115 95
142 94
X
9 6
50 158
11 79
44 135
179 17
123 174
119 24
65 49
114 166
195 5
88 121
117 8
19 8
65 175
108 124
83 84
130 2
117 95
182 29
93 131
157 143
53 44
62 3
55 104
62 190
79 125
148 52
19 125
193 144
145 40
31 149
142 31
160 107
169 47
192 13
75 135
180 156
93 113
9 30
83 163
26 139
52 40
183 53
112 133
77 39
188 11
56 139
78 174
74 32
16 68
44 133
127 100
79 121
27 127
17 8
138 182
32 125
39 44
142 143
73 185
20 9
65 31
170 90
112 110
12 80
128 31
165 176
95 137
X
152 92
135 144
130 45
86 101
7 154
85 71
95 51
188 14
169 196
88 120
X
192 12
X
176 197
75 163
17 26
53 21
173 46
122 78
69 103
177 76
24 47
127 175
X
49 87
88 167
135 174
88 8
76 32
170 41
62 147
77 14
18 119
11 88
28 148
141 92
155 8
X
179 39
177 142
165 181
193 115
177 62
73 63
45 82
135 120
22 134
74 160
90 194
152 90
147 159
166 83
93 109
14 57
X
185 73
98 174
139 101
118 144
115 86
137 104
85 73
119 186
162 21
87 163
100 148
3 172
82 49
51 137
89 58
47 110
89 123
98 5
129 156
166 6
X
141 82
164 6
147 166
172 46
88 7
19 186
192 10
126 100
66 5
99 12
145 114
44 180
139 164
X
160 10
86 81
162 40
162 118
163 115
68 117
124 100
135 18
7 73
56 171
3 139
124 91
123 162
191 18
166 154
142 14
104 112
150 118
34 152
126 132
16 179
71 149
126 170
50 84
6 71
94 132
86 9
136 123
193 180
107 70
91 1
78 146
130 31
16 70
62 62
43 126
84 72
104 111
X
146 132
86 113
189 104
23 83
40 36
162 93
106 31
34 136
146 21
139 91
151 95
189 12
191 194
64 191
95 64
193 176
112 188
45 44
141 121
182 90
11 180
X
176 155
28 168
85 58
64 116
112 39
56 75
173 18
191 41
16 71
164 170
75 106
149 66
109 157
146 53
24 17
62 58
56 108
193 193
149 94
74 31
179 104
42 7
10 4
141 177
76 33
180 105
168 135
159 36
158 38
125 59
148 181
79 12
176 143
3 25
39 192
151 90
38 63
X
69 49
110 160
56 70
14 93
54 147
71 148
125 79
38 196
83 88
93 69
68 119
22 152
12 103
77 83
52 51
112 101
46 68
50 127
23 34
98 19
137 121
167 177
90 148
68 35
40 174
162 74
70 57
28 146
134 57
138 105
88 196
137 72
71 74
59 5
2 41
75 131
55 32
160 11
125 86
184 195
23 193
186 103
X
1 163
107 60
190 174
103 126
132 163
155 1
178 101
108 77
97 98
81 44
174 197
28 16
133 128
196 32
190 14
55 106
48 50
153 54
112 175
93 83
11 89
39 128
98 134
165 118
120 43
28 124
87 81
36 107
135 72
76 37
25 41
103 60
189 39
175 154
19 103
73 188
57 85
161 21
133 150
92 93
141 10
32 26
133 161
125 113
94 194
49 163
153 93
142 29
120 14
178 81
19 18
130 163
64 192
92 184
97 15
54 32
179 80
13 133
70 162
141 122
81 2
9 132
23 183
91 173
137 155
44 161
35 17
X
129 163
140 72
1 92
190 119
169 76
36 18
187 169
27 96
100 175
128 99
85 34
10 51
41 143
11 151
13 10
88 123
156 123
12 102
148 88
53 179
19 115
179 32
24 195
143 52
142 102
158 130
118 43
13 76
108 32
39 31
88 54
X
29 163
173 189
21 5
59 128
121 40
127 122
2 25
112 130
137 77
194 119
159 49
177 196
85 155
77 105
51 140
165 117
11 168
12 153
24 116
172 108
140 14
105 49
158 121
194 2
61 144
80 73
194 50
116 143
63 129
52 139
55 40
83 161
167 195
149 29
34 77
13 38
154 43
6 52
168 52
121 77
150 185
34 143
94 192
97 110
127 183
95 14
109 88
140 183
120 67
141 194
147 92
68 114
144 102
190 75
134 126
38 27
157 10
12 141
103 27
23 9
159 153
184 28
67 37
55 42
106 39
29 74
78 37
52 88
45 136
182 38
30 94
71 93
195 59
57 89
159 21
193 126
104 49
57 181
66 158
37 181
45 137
57 119
194 47
36 109
55 117
183 177
70 165
111 187
174 160
162 121
29 189
9 50
48 166
172 142
86 142
52 55
43 135
29 110
137 119
112 98
111 113
126 97
55 100
55 36
38 42
146 77
28 72
84 142
106 13
152 91
70 60
41 84
176 92
54 44
164 155
173 160
176 80
169 19
121 158
21 24
X
169 139
155 68
130 183
39 18
105 188
99 172
127 84
185 77
69 6
143 191
147 130
191 56
113 9
132 99
168 132
12 36
78 14
X
32 194
52 136
147 117
32 5
66 114
114 178
38 51
55 52
121 162
105 68
X
X
109 15
88 101
156 62
138 110
X
155 57
191 88
46 82
129 67
177 93
178 155
46 36
195 97
73 194
26 12
130 24
45 123
1 40
161 169
89 109
75 134
88 112
157 106
29 103
21 67
100 88
115 24
121 78
104 32
29 5
98 167
156 10
160 137
79 157
87 1
78 56
120 123
31 119
120 133
158 105
27 87
15 193
90 184
63 171
8 62
53 88
171 33
54 163
19 102
146 106
174 53
71 136
16 178
110 138
52 80
X
24 81
10 140
54 36
8 15
71 6
130 70
168 197
62 180
119 195
8 16
48 47
33 125
53 30
122 123
116 89
191 165
96 79
14 55
103 158
X
102 172
151 177
172 10
130 156
169 20
56 167
112 150
126 2
168 63
62 163
53 15
12 104
5 192
88 113
166 135
142 42
69 50
73 148
X
110 122
85 162
192 186
177 117
44 62
55 7
19 62
56 110
24 136
X
79 28
1 161
4 147
124 23
64 163
74 87
51 90
93 108
88 10
56 153
108 111
93 140
28 45
119 143
14 119
32 8
102 18
124 98
38 28
93 82
79 39
73 162
108 110
178 16
25 195
179 48
168 26
136 119
109 190
99 113
30 91
171 72
155 4
6 141
168 48
193 195
124 31
193 113
167 192
44 166
50 88
127 89
17 191
X
103 142
141 147
70 75
38 56
100 167
23 65
138 92
151 8
59 3
7 104
126 35
148 134
148 55
126 91
87 68
171 145
76 31
38 29
56 67
23 17
12 105
110 118
39 91
29 121
159 94
56 89
120 147
69 7
130 155
X
155 2
168 181
140 164
101 189
108 39
41 48
29 6
186 138
91 89
189 143
104 92
13 56
104 108
148 144
74 185
169 53
121 193
102 92
72 126
12 150
10 46
112 113
175 93
190 65
158 62
36 105
9 46
119 154
53 3
120 187
91 193
68 175
21 84
54 67
25 53
18 179
87 30
153 30
193 189
8 153
68 57
72 186
190 166
52 84
X
5 171
101 61
50 171
46 69
184 196
110 188
130 159
90 190
X
83 46
99 134
42 181
87 34
74 3
33 49
34 103
19 101
139 16
94 189
192 142
185 74
91 107
28 13
88 35
31 56
152 51
105 191
10 168
168 33
186 156
13 177
24 191
111 122
25 51
121 146
121 143
143 143
22 63
141 120
75 29
53 4
16 137
7 173
181 184
72 189
X
166 101
161 134
161 106
65 6
35 184
96 33
13 139
X
171 139
192 126
172 47
7 85
34 185
90 8
135 123
17 27
108 187
175 76
173 65
6 174
195 186
108 73
185 151
13 178
4 117
101 191
181 177
12 4
64 8
53 100
153 31
21 102
88 53
36 54
135 11
158 8
75 180
53 23
104 144
148 146
162 169
123 105
136 71
138 45
X
50 157
59 58
167 158
91 25
26 117
76 176
27 51
98 14
135 121
56 73
180 72
66 106
9 166
X
55 55
47 48
186 67
47 54
168 134
57 74
145 64
31 195
40 148
83 4
44 77
40 69
77 161
16 92
95 23
16 69
99 25
128 179
26 191
52 176
141 164
197 58
75 34
6 30
155 53
5 30
65 182
171 178
95 97
143 33
84 161
101 28
17 169
125 10
122 109
100 19
64 114
13 55
41 123
145 67
151 169
125 75
49 2
45 156
158 120
122 126
169 142
85 105
136 74
41 147
132 171
73 91
181 194
130 68
66 2
188 18
177 72
76 96
124 47
53 14
189 165
79 4
161 124
64 71
150 160
39 173
46 84
51 120
54 164
28 174
79 30
149 28
145 30
188 12
189 126
53 33
71 134
144 29
191 52
193 5
176 97
149 75
87 7
45 6
69 70
156 121
40 31
178 92
14 38
26 53
X
162 37
X
21 147
30 63
42 120
X
76 146
141 197
57 192
76 28
66 35
100 15
152 39
127 52
159 18
160 51
125 36
170 133
118 140
X
88 154
X
86 21
56 166
53 190
121 187
190 51
164 56
132 153
X
101 172
82 44
111 171
99 111
14 40
157 5
180 30
121 74
122 108
143 40
57 58
138 162
124 69
11 149
121 41
43 119
192 78
65 3
155 144
61 11
98 33
87 56
150 20
19 63
153 52
126 119
103 48
133 163
69 3
48 156
X
154 49
155 39
39 87
119 47
155 70
13 90
128 71
89 101
88 105
98 165
X
191 58
20 5
155 38
180 35
25 15
149 92
103 149
38 147
68 49
13 24
136 70
123 151
128 50
52 103
X
21 155
13 93
41 47
40 112
121 76
61 94
38 40
69 8
6 102
105 36
22 137
32 195
175 82
64 35
68 191
106 187
158 194
89 112
44 50
79 177
X
51 176
112 142
54 55
71 88
70 135
51 167
170 183
153 82
13 47
31 160
27 85
134 100
6 12
126 113
147 158
144 181
93 79
55 144
23 16
94 133
4 137
176 146
131 62
69 56
56 187
82 4
112 111
162 19
8 59
20 63
172 53
123 10
96 81
158 29
107 31
172 40
146 146
183 109
68 181
192 86
143 64
26 165
104 179
99 176
54 173
118 80
82 50
179 82
83 162
145 191
167 180
131 52
22 150
129 90
117 162
86 84
70 128
6 62
103 28
102 69
51 55
64 77
74 82
163 107
14 188
143 45
106 48
64 189
81 47
90 158
75 109
99 98
124 97
161 117
92 62
131 39
187 143
74 189
48 158
10 50
125 109
13 193
X
23 61
61 175
145 29
154 104
154 135
105 51
42 5
25 66
44 74
161 120
56 134
178 18
66 177
160 135
97 33
55 181
68 72
162 127
45 5
42 75
184 190
12 2
3 21
179 185
86 121
195 118
X
146 166
137 145
18 169
135 70
55 188
34 74
X
23 36
193 2
96 69
127 39
93 136
81 4
188 170
31 124
153 84
123 160
189 78
115 167
152 31
86 93
70 121
94 30
148 149
187 65
41 179
140 152
88 125
91 22
130 3
129 179
147 134
75 6
98 111
96 64
117 10
X
162 39
33 50
53 87
116 178
192 159
119 140
119 37
43 181
14 117
179 59
81 89
147 36
15 133
171 120
85 99
108 171
X
19 5
110 77
160 49
177 130
67 138
23 7
189 68
31 103
95 140
40 124
158 18
131 153
47 51
160 14
151 93
92 54
147 52
38 128
135 77
X
13 45
79 74
160 13
134 39
168 120
87 119
15 192
124 13
189 35
X
45 135
138 93
134 104
97 79
87 20
120 56
134 99
44 36
47 120
136 103
121 43
33 186
102 107
175 8
145 143
151 88
166 169
81 30
107 120
41 181
8 71
78 105
X
132 109
117 9
12 3
6 146
33 181
3 179
182 52
134 54
172 188
143 189
117 6
97 69
96 164
105 154
97 54
86 170
180 92
13 136
149 30
131 109
86 56
143 123
148 165
175 169
128 154
155 82
78 108
12 179
151 165
134 132
15 69
146 36
76 157
35 77
166 183
76 90
79 180
74 83
32 110
189 141
9 104
122 129
81 77
123 91
137 11
164 82
92 133
99 109
70 18
182 118
14 76
122 110
188 172
130 1
49 8
123 113
56 157
143 145
71 87
60 58
166 161
56 182
138 108
63 163
127 111
X
70 48
172 38
158 50
136 141
15 106
132 128
33 51
167 91
63 162
X
23 151
139 72
75 139
176 138
162 115
48 104
64 94
151 176
181 181
37 173
157 70
63 130
40 27
12 146
171 38
166 167
70 20
15 119
78 49
111 140
86 72
38 37
92 139
18 133
193 146
56 190
34 33
98 50
104 142
142 83
148 168
102 17
166 173
X
171 28
190 104
109 133
170 33
41 183
107 187
147 114
103 182
122 144
191 188
129 31
122 154
87 32
28 14
X
54 106
5 62
126 10
143 180
157 136
61 128
17 53
75 83
54 113
157 60
29 28
86 28
165 6
164 173
28 47
61 146
191 86
20 190
86 105
97 108
48 163
178 124
89 10
60 1
87 27
98 156
5 184
181 96
183 107
X
128 63
X
23 63
134 191
114 167
176 83
X
77 32
16 51
105 27
128 85
158 123
X
140 156
182 4
188 8
X
84 143
159 42
13 27
132 191
57 78
70 86
181 196
120 120
83 138
42 67
149 67
171 75
80 54
169 46
129 183
183 124
56 165
85 141
X
173 146
56 20
138 94
114 89
35 49
105 127
X
5 149
178 4
22 87
148 59
1 162
8 52
X
42 113
188 175
26 80
87 147
60 3
37 138
4 131
130 182
23 84
132 110
97 194
51 32
193 82
43 46
177 123
151 39
158 107
54 102
184 38
148 58
30 75
12 108
179 58
16 106
177 81
182 91
118 162
3 183
66 20
142 30
148 68
87 35
150 31
195 4
142 194
92 53
196 95
72 6
24 185
7 52
79 32
164 161
17 5
28 76
179 83
12 139
186 102
4 190
172 192
167 183
181 92
15 26
189 100
67 169
X
13 80
X
189 77
20 32
146 120
56 158
99 88
98 53
192 30
24 68
6 11
77 120
17 180
30 193
105 71
105 61
143 67
8 104
191 19
195 117
130 153
120 191
155 101
7 123
12 154
95 24
6 26
104 24
88 99
24 28
159 57
88 4
30 163
X
5 173
131 57
4 76
122 12
196 60
11 69
147 22
23 191
29 98
21 27
93 65
159 38
29 187
47 2
X
44 47
101 192
11 93
77 55
37 51
145 131
110 158
42 119
146 147
63 169
131 38
54 187
181 2
164 86
84 104
148 132
134 20
157 134
86 192
94 129
37 74
83 164
16 89
23 15
74 101
119 187
120 104
72 139
64 96
13 36
44 119
183 183
66 17
9 114
179 30
116 67
30 110
X
74 91
34 64
145 59
16 116
X
X
176 168
70 106
X
27 81
X
24 40
49 193
156 61
133 148
147 148
X
188 36
159 106
64 51
68 192
76 86
33 187
186 167
128 153
49 42
4 93
128 37
148 114
52 167
160 192
87 149
142 57
137 154
107 84
36 75
81 58
41 31
129 26
98 32
142 183
91 108
167 182
22 18
X
90 182
44 137
178 62
X
96 50
55 182
169 138
57 76
52 102
138 9
119 26
25 42
20 116
111 190
51 119
173 192
80 125
44 46
141 75
69 93
37 144
171 61
58 135
105 190
26 119
1 93
152 82
4 73
116 51
76 4
67 105
123 107
66 12
7 25
156 49
X
86 109
35 110
7 10
135 130
162 154
23 35
32 51
164 118
87 99
71 56
152 176
9 52
138 96
105 98
52 20
8 74
83 68
156 68
75 80
72 185
28 139
149 88
146 148
49 153
151 167
132 159
21 26
68 116
17 121
168 76
195 129
5 100
74 93
17 55
19 156
31 66
137 103
139 184
150 6
110 17
16 108
104 61
50 150
193 118
27 53
132 126
155 142
168 122
48 2
144 31
33 30
87 58
84 95
190 35
11 176
13 11
8 147
176 157
137 113
132 155
143 119
43 162
3 137
159 120
162 123
X
159 93
75 162
X
104 158
32 103
145 18
57 139
139 176
71 3
172 30
103 64
135 171
192 39
146 165
75 177
124 132
87 59
134 22
97 50
22 34
22 16
12 15
67 16
97 111
81 140
25 43
164 168
159 60
X
11 142
189 73
53 124
152 19
177 172
73 139
33 163
80 32
161 136
123 133
88 158
37 77
X
104 162
91 156
13 52
112 134
41 86
161 75
159 31
165 180
139 96
95 159
29 76
175 171
128 3
101 154
72 188
74 67
132 56
86 195
104 133
52 115
37 73
57 83
183 142
128 2
181 30
190 106
143 59
93 118
73 150
120 149
74 136
124 46
35 51
178 76
163 109
104 109
117 41
176 76
39 29
181 121
27 76
9 98
121 79
172 161
77 12
142 104
125 71
36 148
31 106
93 197
127 176
93 123
80 12
112 131
172 18
104 174
193 86
177 108
186 104
137 176
13 57
108 19
148 105
179 51
176 117
55 194
21 154
154 146
28 79
92 182
18 191
60 86
146 118
120 11
33 184
109 169
15 27
50 192
X
X
164 160
57 22
117 89
102 19
177 143
120 108
38 43
12 181
153 180
17 9
189 120
75 66
50 125
159 103
48 164
152 135
124 10
10 30
125 74
X
187 18
97 107
187 156
X
126 86
X
27 140
125 52
7 77
138 181
96 166
44 94
59 6
52 151
78 180
28 170
5 75
74 162
141 143
80 127
89 34
80 36
38 39
16 55
144 54
98 7
78 147
139 71
4 132
14 193
66 182
X
83 81
167 60
27 49
36 146
40 74
143 36
68 60
41 194
10 26
157 104
191 2
100 165
18 135
9 168
X
117 91
103 176
194 86
90 101
55 168
117 24
66 73
81 46
X
138 20
161 18
31 5
75 133
8 77
95 67
106 144
X
174 52
41 160
X
34 123
46 41
X
52 153
94 81
89 3
181 118
174 28
61 182
121 80
60 158
121 145
53 188
56 58
29 105
176 134
176 59
X
146 149
49 14
14 80
157 14
177 168
5 26
55 21
96 68
53 104
143 82
94 85
1 179
69 171
105 99
176 79
66 77
32 56
100 176
132 170
179 19
143 41
37 88
105 31
21 17
57 77
89 170
57 120
22 68
103 68
110 141
18 186
155 14
118 81
193 117
78 161
157 138
18 5
37 87
76 49
49 191
7 11
41 62
49 27
9 103
89 158
154 72
116 80
141 70
57 79
189 80
49 187
175 97
21 83
150 169
71 191
43 82
48 52
152 17
163 155
103 112
155 13
147 181
79 2
172 41
183 196
X
54 78
150 28
45 62
109 167
109 77
96 30
144 148
125 80
X
31 174
26 16
28 15
70 8
105 64
7 60
169 100
148 103
193 90
124 145
6 22
72 67
180 91
136 144
110 157
63 93
66 175
78 38
17 74
129 188
118 67
94 193
124 67
191 39
101 176
42 19
14 179
179 60
68 102
161 33
34 106
63 147
107 190
74 63
65 46
193 4
141 95
1 176
86 169
137 140
52 67
166 60
160 8
166 153
14 133
180 195
X
101 19
132 165
164 159
77 180
163 82
159 101
86 197
96 54
155 191
106 47
64 143
18 156
118 191
158 49
175 6
91 122
74 57
15 190
133 126
182 190
170 87
29 107
1 24
13 25
123 13
77 54
99 164
161 83
41 142
126 31
30 26
7 58
167 190
3 176
X
86 17
103 123
6 58
181 83
159 105
35 31
53 7
118 39
110 178
166 91
29 33
63 114
148 104
140 10
69 4
110 85
166 152
41 193
95 13
195 2
147 184
85 32
116 8
118 69
55 155
66 13
44 163
53 137
166 102
168 28
168 39
41 6
113 175
191 170
106 142
156 57
89 33
163 174
182 92
138 152
11 92
174 138
87 192
127 91
181 69
126 37
173 138
183 186
98 113
76 185
56 155
187 159
64 15
X
70 19
140 70
132 129
92 196
10 110
33 155
76 5
148 54
101 17
102 100
8 12
193 29
8 72
X
111 31
187 141
160 169
58 138
195 143
194 97
191 90
84 29
52 195
X
90 193
187 158
177 58
119 153
10 28
166 87
161 85
173 162
121 140
25 49
92 113
48 10
29 95
65 17
152 181
76 147
138 114
119 56
180 27
36 135
59 157
86 99
78 178
173 191
41 124
121 57
143 149
137 10
46 110
133 113
27 174
8 121
112 185
114 165
40 43
141 54
67 175
56 156
87 123
168 183
102 111
126 30
49 41
117 43
191 82
149 95
15 104
146 57
29 171
118 159
164 167
124 24
77 185
167 56
137 91
125 31
147 185
61 6
24 126
30 31
144 52
181 39
190 117
20 147
14 176
19 152
147 106
16 74
112 37
68 118
55 118
152 93
152 185
26 116
93 63
190 103
142 96
118 93
59 2
106 186
123 28
105 59
104 148
7 114
132 189
17 48
166 181
25 17
79 175
105 72
148 147
44 160
111 191
93 81
79 34
86 112
190 126
97 17
91 119
88 96
29 169
38 116
66 39
160 123
39 169
84 97
85 72
80 138
70 49
170 88
81 138
13 180
70 2
104 159
11 14
97 85
6 15
145 119
78 96
92 25
15 137
66 8
31 186
29 140
24 125
67 103
97 99
169 31
119 59
38 41
17 6
108 112
76 29
102 130
93 133
70 88
150 159
72 191
174 78
112 191
138 23
189 102
88 124
52 116
74 2
100 108
144 68
177 146
98 89
176 78
75 136
164 87
41 9
99 156
116 141
168 158
97 195
161 82
27 169
132 167
68 131
179 124
44 112
28 119
178 118
181 122
188 178
87 112
79 33
161 171
127 47
147 23
112 178
18 137
78 32
180 193
53 89
55 43
172 182
5 28
73 3
59 8
97 193
26 121
47 122
51 17
68 190
54 104
101 25
8 122
148 169
40 171
194 51
61 178
123 145
182 36
83 47
5 104
152 180
61 12
56 138
151 42
149 91
15 74
11 179
170 61
159 102
72 86
192 56
49 29
140 177
108 190
17 54
165 167
117 82
178 105
32 172
119 165
49 171
55 51
161 10
189 82
15 134
176 104
137 18
24 128
167 47
76 148
144 36
13 106
102 154
71 76
115 84
158 109
180 101
113 25
67 119
132 102
186 151
191 127
115 89
150 114
24 16
135 105
171 176
65 18
182 137
106 122
4 122
185 141
117 28
134 103
26 115
188 177
177 29
41 128
182 28
43 36
117 163
9 14
104 64
28 167
150 182
77 96
194 29
16 153
110 159
48 152
89 189
58 136
92 68
38 52
41 3
31 98
92 123
102 109
17 176
116 179
166 176
107 55
91 109
110 186
143 196
174 33
175 101
189 10
57 189
97 13
33 33
64 120
56 150
161 194
83 50
14 187
127 37
175 145
42 112
161 74
29 135
53 28
69 90
122 122
11 87
69 172
159 191
177 158
133 145
40 113
104 28
61 2
184 31
67 15
175 10
134 167
165 182
134 102
70 119
127 110
165 75
41 85
54 120
36 51
28 165
169 91
23 87
38 113
75 88
9 110
25 193
123 109
71 105
192 36
104 130
40 44
161 191
179 78
107 159
99 112
146 103
15 102
65 47
51 188
183 151
182 26
43 10
19 20
125 45
73 132
166 84
5 24
128 70
100 89
136 9
8 61
64 182
107 188
83 44
172 8
175 138
12 106
168 192
189 41
146 58
192 157
145 120
60 6
183 138
76 82
98 131
124 88
184 193
57 134
50 163
41 87
106 159
19 17
62 155
55 115
101 88
86 123
75 100
26 136
166 82
125 8
43 116
177 101
51 75
153 88
147 59
53 20
42 88
104 60
161 135
87 154
107 118
75 91
178 36
144 145
100 153
193 57
105 24
98 17
78 97
195 93
184 25
148 185
26 134
60 160
68 75
64 11
34 31
141 96
162 14
20 192
30 174
69 139
164 60
13 187
195 114
66 46
53 55
184 26
49 110
160 172
176 77
43 9
149 21
183 108
158 108
76 3
102 133
92 124
74 190
159 172
22 136
23 139
184 36
83 69
119 164
196 29
107 191
33 110
66 163
53 158
78 50
169 143
53 48
27 16
11 146
165 183
170 53
43 125
99 14
110 185
134 150
113 28
30 116
189 170
92 180
14 132
25 119
65 20
36 108
106 68
77 147
152 52
160 96
22 21
18 190
38 64
170 141
127 14
188 174
64 16
36 170
177 92
8 14
178 26
170 180
35 186
194 126
12 86
118 94
77 58
29 174
160 105
102 64
162 13
190 52
46 10
108 162
106 16
76 51
181 119
167 196
113 7
137 167
43 123
181 192
99 92
32 33
19 192
23 28
175 96
192 179
187 106
154 41
119 60
122 107
177 119
169 26
39 124
40 91
147 21
11 167
147 183
26 182
19 21
51 15
6 100
98 130
87 10
170 188
134 144
118 107
188 77
67 36
69 88
136 90
70 131
105 28
5 146
107 73
101 134
169 33
18 9
190 100
114 94
55 50
75 27
23 136
69 114
20 191
10 29
69 20
179 101
147 145
25 16
61 190
174 51
20 115
194 130
180 95
177 124
78 157
189 37
162 8
71 7
44 63
137 147
105 123
101 13
118 161
36 52
49 108
158 133
141 53
77 102
136 168
158 106
44 69
66 160
33 97
13 69
32 190
191 12
42 91
104 127
75 166
6 117
65 15
127 12
90 120
166 100
118 106
9 167
127 172
111 36
4 24
190 160
49 55
27 121
57 75
17 68
101 24
24 147
74 90
45 3
64 46
122 27
81 137
159 75
161 40
193 52
14 134
48 153
145 190
24 169
52 113
14 137
110 38
41 8
99 189
173 63
192 37
35 149
13 68
70 139
4 150
62 34
97 191
186 77
196 179
116 86
175 106
168 64
36 53
141 94
67 75
7 86
148 148
13 137
63 46
81 57
155 37
16 133
104 154
166 170
145 148
144 39
120 125
65 163
110 19
122 113
58 137
146 59
5 73
22 151
14 51
108 158
4 25
137 100
175 83
69 92
74 88
97 67
138 90
1 21
138 113
173 64
138 21
166 86
61 3
12 128
144 40
86 189
174 6
8 11
67 31
63 181
141 149
21 85
31 117
5 77
77 60
17 46
126 52
18 187
5 102
189 155
13 14
98 133
81 139
78 101
146 55
71 151
69 87
76 50
98 132
157 196
33 183
55 49
40 163
101 194
98 12
74 5
27 165
16 118
17 45
29 170
85 97
76 38
158 191
155 15
48 150
40 175
9 146
67 106
109 39
142 16
138 120
134 189
25 87
111 39
87 114
150 93
105 163
62 32
56 69
189 81
139 77
63 175
98 191
110 187
5 137
183 194
180 196
101 64
189 156
33 108
84 77
16 115
100 17
123 149
129 161
86 110
136 15
162 189
182 96
190 169
119 166
162 110
132 105
59 159
93 68
57 136
93 189
160 189
42 69
88 111
169 52
133 100
160 193
107 127
30 46
136 130
116 6
147 119
17 115
26 129
135 110
152 94
171 73
118 160
13 134
41 148
122 30
47 52
121 60
137 105
181 35
181 82
80 34
30 119
115 80
54 150
151 179
67 156
66 38
5 21
119 167
104 90
80 4
71 86
76 149
115 82
175 146
193 179
118 89
147 68
110 175
41 144
50 170
20 149
146 68
80 136
25 116
91 93
12 84
114 8
56 61
65 105
155 105
188 136
180 109
65 155
137 123
134 18
7 121
189 127
172 181
172 183
45 70
143 194
78 34
110 56
114 81
193 56
139 75
87 108
40 160
154 50
33 27
127 121
182 95
116 167
23 147
89 157
37 185
133 188
103 134
85 136
20 189
85 158
31 114
163 86
42 122
141 42
14 46
97 18
157 13
154 39
13 48
117 164
182 136
20 151
93 66
190 167
117 84
12 131
49 48
45 119
94 196
178 119
63 49
161 173
18 72
147 39
111 74
55 116
118 82
69 44
136 98
54 191
119 144
76 6
123 59
169 61
103 154
120 162
170 46
192 8
188 153
16 176
38 70
143 94
66 119
53 40
161 139
71 70
188 141
97 192
172 177
61 7
50 90
131 51
123 124
38 125
11 90
32 105
149 171
55 48
180 93
11 12
179 95
49 107
147 18
28 126
44 2
177 97
48 155
11 132
124 76
49 190
91 123
156 101
13 108
76 2
180 194
185 166
116 24
167 191
125 146
117 37
76 30
153 169
44 97
55 158
142 89
136 126
119 158
62 33
116 95
54 176
54 182
110 16
172 61
13 42
107 122
195 95
151 38
76 122
75 164
188 9
163 167
55 20
75 189
62 11
51 48
197 183
187 155
48 157
149 185
156 56
146 54
27 72
33 94
36 171
169 87
61 163
18 136
104 88
15 67
117 86
52 118
177 31
49 105
156 50
97 14
141 73
102 110
23 169
42 115
147 65
30 30
50 76
53 75
121 37
43 2
70 47
141 148
153 57
93 111
175 12
73 149
129 52
124 30
124 172
53 17
186 101
173 51
20 117
177 30
93 124
146 102
123 159
109 17
131 113
169 57
167 59
158 40
103 130
64 6
24 118
123 84
31 104
160 124
44 164
72 3
68 58
196 56
43 86
71 190
98 69
71 5
115 93
118 108
65 119
125 13
124 90
69 169
100 130
171 6
152 89
45 10
196 94
115 28
97 109
24 135
120 12
88 71
78 148
189 129
130 26
116 142
184 138
41 82
106 58
188 115
99 27
61 8
188 155
176 101
44 114
94 130
74 92
42 85
189 114
162 10
188 116
104 34
75 107
65 162
127 31
35 33
43 122
73 131
154 88
178 38
118 28
8 119
161 36
57 34
138 43
68 106
170 38
20 150
56 154
44 122
109 55
60 89
188 37
187 100
159 15
125 78
106 72
69 190
12 93
171 31
190 82
123 158
88 72
189 118
12 88
171 65
190 130
40 147
139 73
29 134
17 42
162 193
136 100
183 122
94 83
38 54
187 77
103 108
15 93
191 14
164 174
190 48
66 34
13 189
148 118
90 102
20 156
179 117
29 117
170 181
89 197
106 190
21 21
127 112
192 160
34 108
129 28
31 31
84 139
149 114
9 129
149 181
140 94
137 24
30 114
172 48
5 99
85 156
190 105
190 165
135 167
76 7
193 177
33 26
153 43
121 141
74 6
146 64
122 24
141 77
132 101
136 128
184 29
141 58
45 109
96 62
194 81
76 178
180 179
40 88
182 117
82 136
145 21
125 9
133 167
145 117
42 2
57 20
12 9
69 91
109 162
145 123
31 121
143 56
148 167
188 38
148 150
114 82
168 59
197 179
32 173
115 25
35 143
138 168
48 151
79 176
13 71
119 161
82 77
155 41
169 56
46 63
108 159
57 23
16 57
98 195
191 35
145 23
27 141
27 86
33 28
75 176
91 175
43 160
159 77
151 185
32 174
175 196
122 149
184 30
133 171
136 113
65 34
189 18
75 132
75 96
124 174
33 32
122 84
127 125
155 40
93 120
167 176
96 18
191 156
101 147
75 93
68 40
52 100
187 73
156 178
111 185
136 173
114 176
136 110
33 190
25 47
100 189
136 111
78 176
190 22
61 62
64 168
88 95
42 90
197 60
12 87
118 104
71 166
50 14
186 143
190 76
118 158
72 131
187 19
65 116
6 21
30 45
106 71
81 73
174 12
93 110
13 104
183 101
42 89
150 18
50 86
186 165
176 119
184 140
111 77
121 56
13 67
49 9
152 179
