59 63
98 64
92 86
79 81
35 45
96 9
79 41
57 92
82 70
17 56
63 37
92 13
44 0
1 77
76 91
9 11
51 78
30 84
81 31
46 94
17 35
13 50
11 9
84 87
22 85
10 54
56 48
64 65
84 73
17 65
86 46
83 98
22 81
90 62
82 8
60 84
84 3
66 62
66 24
26 70
5 94
22 35
67 17
32 75
77 76
52 75
37 64
43 57
50 53
40 36
66 43
57 47
66 74
73 61
58 42
53 37
16 41
65 12
54 51
15 41
91 57
48 30
41 49
31 31
72 18
72 69
96 2
67 50
35 73
75 64
2 66
66 93
62 40
96 78
49 78
60 35
29 98
8 39
57 29
43 8
59 48
33 27
86 74
55 39
48 72
41 47
83 23
66 9
53 7
29 66
15 79
8 82
84 8
81 53
38 87
97 3
22 16
85 36
64 78
67 9
90 55
51 33
55 56
98 21
6 41
76 92
51 70
38 64
81 6
82 26
69 29
58 81
46 96
89 40
51 69
48 8
29 30
73 54
14 49
91 82
27 62
59 95
37 22
37 63
73 39
33 45
33 13
44 77
54 15
77 68
98 61
29 23
90 30
14 9
44 92
10 89
14 94
98 40
23 84
1 70
29 39
74 70
86 45
10 11
56 78
64 89
50 57
21 65
41 56
6 71
75 75
36 23
47 57
2 72
47 87
68 82
34 85
20 19
18 81
93 43
10 44
45 13
13 71
50 68
4 5
60 83
40 39
20 71
38 13
38 66
12 23
82 85
82 76
8 43
38 65
16 1
50 49
63 57
4 55
54 19
25 97
16 0
50 52
14 85
61 74
76 62
95 61
39 62
39 22
53 43
80 12
75 6
94 9
95 80
18 74
68 79
89 76
47 61
59 56
91 36
38 93
13 12
26 13
6 48
85 9
83 18
25 47
24 92
80 58
64 39
57 25
53 85
96 80
12 40
23 38
63 79
11 10
38 85
3 54
7 90
38 76
80 49
44 57
40 22
49 28
94 73
57 88
12 18
60 17
68 83
82 32
47 9
21 3
81 87
61 0
97 54
74 57
69 40
33 36
56 71
7 61
24 58
4 80
19 83
28 47
82 3
89 22
71 46
34 0
83 75
92 62
92 56
6 67
89 1
87 1
45 35
25 59
81 89
37 52
69 32
53 51
53 5
53 42
23 93
13 24
11 68
90 60
38 75
72 13
74 50
40 15
3 67
61 66
77 16
85 40
54 24
68 70
45 12
80 79
66 89
48 16
1 47
87 70
7 35
70 70
89 71
9 37
36 37
30 77
22 31
28 33
36 89
10 74
15 83
29 51
42 65
61 41
14 59
46 71
37 67
18 11
11 98
90 5
34 26
31 38
57 95
81 77
16 58
25 98
22 12
22 33
79 68
15 16
31 46
70 67
86 82
71 30
83 34
86 55
92 35
95 81
79 2
5 16
77 71
4 33
7 51
61 27
94 19
5 78
89 52
2 18
19 11
84 63
53 64
46 31
68 87
33 29
12 69
24 9
8 15
57 82
8 81
57 45
96 20
9 14
2 67
24 34
70 68
0 86
32 67
88 82
63 47
51 39
49 75
51 8
4 28
22 6
0 77
97 10
40 50
35 94
8 80
59 70
87 77
53 92
12 47
20 64
4 66
13 55
49 80
11 45
73 55
6 3
33 63
65 96
52 47
71 60
36 32
23 71
48 6
18 1
66 31
88 35
2 73
30 40
33 50
46 41
57 74
82 2
9 3
82 69
10 58
1 94
45 47
50 73
75 71
31 37
97 72
31 74
40 45
26 3
84 77
70 47
83 59
50 19
98 9
6 13
92 45
7 16
88 96
41 77
14 81
31 97
66 2
73 62
72 22
61 69
16 12
35 69
73 76
58 9
76 41
72 10
12 48
14 57
45 8
66 87
66 22
94 56
27 32
1 60
67 3
5 58
9 72
74 48
34 51
79 79
11 92
39 78
14 4
67 75
24 88
29 3
96 62
76 21
26 60
15 1
25 21
23 58
83 24
94 0
73 20
54 37
51 17
37 97
93 62
65 43
45 18
35 48
43 30
5 18
92 14
5 56
15 63
70 22
43 72
82 83
51 41
0 12
42 75
65 45
48 81
20 35
87 4
18 45
18 40
34 19
27 47
95 49
41 65
21 70
27 77
72 24
2 56
92 60
55 50
8 36
69 4
10 71
98 43
12 58
25 67
35 13
39 29
19 88
76 65
63 94
85 23
93 22
53 57
1 57
48 47
92 15
45 59
74 77
24 4
44 20
3 24
17 33
55 40
9 86
91 59
14 25
38 35
36 87
87 30
38 92
90 74
3 10
45 83
45 85
37 31
6 59
78 52
0 13
10 72
38 78
27 73
32 17
77 73
89 49
14 63
51 64
73 26
16 22
28 15
53 13
44 65
1 65
6 27
42 13
80 56
68 23
75 32
50 81
2 80
44 71
95 62
23 30
4 23
8 3
42 82
2 88
77 38
27 22
97 79
89 17
48 59
32 65
42 22
2 50
6 89
78 23
82 22
62 37
33 71
49 91
5 82
60 77
59 76
97 48
89 55
9 46
15 56
2 10
8 65
68 95
60 47
13 85
57 21
49 15
1 69
52 29
39 79
45 19
9 9
88 24
31 23
61 56
65 44
58 32
24 80
8 20
47 69
95 54
93 73
55 26
37 14
5 95
42 14
72 4
7 46
36 56
20 97
83 8
92 55
38 46
8 7
71 38
37 27
68 93
31 0
65 92
79 3
87 78
43 14
57 57
21 97
89 96
46 3
6 19
37 45
34 69
48 33
74 9
5 66
38 91
87 88
92 3
51 57
9 23
68 26
92 4
86 70
14 97
73 37
28 30
35 22
19 16
84 22
31 67
1 52
92 82
16 4
95 2
73 25
38 17
93 93
18 6
89 34
48 91
89 67
22 97
42 21
53 36
46 79
54 53
85 84
21 82
64 9
32 70
95 24
67 98
4 27
80 10
68 40
65 29
93 2
76 1
51 77
56 3
40 0
94 7
77 34
15 19
81 24
84 88
25 22
57 54
78 11
25 33
67 79
91 73
28 22
56 89
93 29
85 6
71 75
70 93
45 98
88 67
39 52
23 17
77 31
67 72
38 19
85 31
21 87
56 49
53 73
20 24
45 36
23 11
43 49
80 4
3 74
89 90
73 4
52 98
53 62
17 61
45 10
30 45
20 20
80 89
16 78
50 90
91 0
50 70
84 14
83 49
3 11
81 3
7 13
77 20
87 23
X
5 3
53 21
0 64
3 82
32 24
2 19
16 76
53 97
93 24
7 96
52 81
95 10
48 20
22 68
88 64
72 60
76 76
90 20
36 26
55 67
81 45
10 75
64 11
13 60
44 6
30 1
22 65
26 75
40 74
43 93
20 2
25 52
18 97
63 15
54 61
34 49
56 26
84 74
55 87
66 82
52 74
26 26
5 83
33 33
71 97
29 24
14 64
20 30
47 36
49 18
88 6
45 34
30 35
95 37
69 47
10 19
24 27
76 4
70 82
58 78
94 12
95 4
91 93
74 91
35 8
29 52
52 82
92 57
62 56
6 97
67 62
8 74
4 68
43 87
49 71
85 41
19 69
8 45
97 83
35 36
50 45
8 67
82 93
70 12
30 34
0 58
53 4
15 9
6 24
58 17
43 91
75 35
54 71
27 8
44 33
48 17
53 6
77 72
67 96
51 9
21 38
46 17
67 92
83 92
64 64
39 70
9 95
57 98
84 21
64 37
53 44
59 17
0 81
52 64
56 93
39 46
76 77
26 39
96 25
30 75
62 24
16 14
89 74
42 1
29 6
64 98
36 77
7 58
97 68
43 24
12 83
86 76
60 90
83 25
53 58
48 64
17 66
70 37
26 18
88 68
56 34
73 18
52 48
5 27
34 37
39 27
20 13
53 15
12 33
53 47
87 76
3 52
75 56
39 48
76 35
69 36
44 97
4 58
79 96
80 66
36 76
43 19
38 34
82 55
85 30
22 52
37 29
66 17
23 74
8 94
74 79
45 52
4 48
3 15
68 32
89 86
4 93
7 91
30 83
17 71
48 67
72 67
18 56
96 94
41 9
50 78
52 15
10 26
81 60
57 11
6 10
17 80
15 68
50 56
58 40
62 71
64 90
85 74
31 56
19 54
1 81
2 83
84 23
26 67
98 67
66 26
74 43
19 17
84 86
98 39
85 76
5 35
26 97
18 68
53 40
0 96
86 14
84 81
7 54
53 1
42 12
28 28
15 59
90 24
26 8
19 76
61 17
85 72
40 84
X
81 12
82 0
86 98
55 23
51 29
71 54
67 53
0 48
23 60
41 88
60 74
66 39
81 94
42 9
8 2
67 2
60 27
9 82
45 44
87 57
65 72
77 22
69 7
69 58
20 74
95 45
10 85
56 84
41 84
89 36
78 67
91 84
50 28
9 81
21 27
15 49
75 24
82 67
2 1
55 33
3 73
74 38
43 79
47 40
86 43
75 59
52 78
27 48
57 9
89 78
87 91
34 91
33 52
91 55
12 11
97 65
7 50
47 97
68 25
21 43
49 77
46 62
75 60
27 9
16 54
69 6
15 15
24 69
50 74
65 23
54 0
43 92
89 77
84 92
45 96
64 91
14 14
44 15
39 83
53 72
40 32
12 0
63 48
4 63
98 25
15 62
38 52
46 61
24 76
66 42
9 68
66 21
87 95
55 16
46 93
25 25
53 66
50 18
19 21
67 37
54 26
92 85
55 89
21 62
48 96
62 77
74 85
61 37
52 95
39 80
73 85
71 2
48 28
54 94
85 82
90 14
29 22
9 22
38 50
92 21
98 3
6 39
58 16
31 8
40 59
52 79
22 17
41 60
54 80
71 26
10 73
87 56
50 96
64 48
59 53
36 33
5 19
66 86
82 16
70 23
9 41
64 60
97 62
63 6
54 11
75 10
82 81
90 68
30 97
73 34
25 34
43 48
23 97
9 17
22 72
84 66
95 42
12 86
X
60 0
79 4
56 46
69 41
92 6
64 57
25 32
47 88
62 8
73 82
19 56
16 97
47 23
62 72
26 58
54 64
58 39
52 65
16 8
90 56
91 69
68 62
9 71
34 77
66 27
74 56
39 77
66 44
44 27
77 65
74 82
44 21
86 87
21 57
72 76
70 71
33 59
78 44
46 8
91 95
43 33
93 36
35 78
26 37
38 89
20 29
9 38
12 55
36 48
44 28
49 21
98 16
34 31
57 28
46 39
94 93
82 57
1 30
38 62
64 85
65 55
83 1
11 75
93 13
7 70
82 56
0 55
11 21
63 36
65 39
14 86
8 6
5 41
4 43
79 92
74 73
63 93
64 27
34 56
75 13
19 13
70 63
16 50
58 97
94 89
15 98
97 84
86 34
66 23
74 46
30 23
36 42
86 56
16 64
86 80
28 13
27 87
67 23
72 53
88 88
28 76
17 34
94 53
0 67
29 10
63 54
20 94
76 72
23 96
1 13
47 63
48 79
60 81
7 3
42 61
79 93
67 8
47 92
85 77
33 80
76 56
71 49
34 45
89 64
11 53
39 9
3 77
56 92
19 78
39 67
14 73
33 74
75 48
6 23
86 81
10 8
35 25
48 29
77 85
25 54
15 66
86 52
11 89
31 33
76 12
83 16
80 69
92 19
82 97
63 10
14 17
84 61
5 0
70 97
19 75
39 96
16 15
10 66
24 60
79 62
23 22
87 83
78 69
58 34
73 79
4 81
35 41
17 28
4 65
44 34
83 21
10 70
97 13
78 30
22 29
25 90
68 55
15 69
63 17
76 83
13 35
5 1
75 94
84 83
44 89
69 31
59 68
97 21
97 82
82 53
47 86
65 52
48 39
54 76
52 63
4 70
30 89
76 75
65 86
73 19
22 48
47 94
0 70
95 89
82 58
48 68
19 59
5 49
30 60
47 66
75 37
30 94
59 15
83 17
96 74
2 57
68 53
12 91
93 71
2 76
4 37
89 56
87 55
35 95
96 70
7 65
43 81
45 29
19 96
88 84
14 79
41 55
71 53
75 45
23 65
35 18
77 12
31 41
48 55
79 78
83 78
28 71
29 18
93 32
85 29
91 35
27 76
1 46
88 43
19 18
5 21
53 78
95 30
50 5
32 55
44 81
93 57
69 63
38 32
32 38
19 79
50 58
49 92
32 54
87 29
9 6
14 72
10 76
31 81
30 41
49 50
9 40
65 46
97 96
31 89
77 77
7 66
43 56
48 40
25 42
22 9
60 33
37 30
8 66
3 16
6 79
56 80
94 94
1 15
95 97
72 85
34 68
79 0
64 47
67 44
16 56
44 42
34 14
8 87
15 60
77 50
34 60
91 26
9 64
45 92
0 59
61 57
7 41
88 26
84 69
63 28
46 87
1 11
3 95
94 76
47 56
50 4
44 91
43 22
86 79
37 11
19 77
73 31
89 8
72 64
80 67
70 30
81 10
65 95
32 1
22 40
84 84
66 5
42 38
0 56
60 18
39 37
44 69
15 48
12 73
70 54
X
80 44
57 68
55 45
35 51
40 52
77 59
21 34
49 3
61 39
39 95
5 15
95 27
52 19
61 75
74 7
36 20
54 59
23 28
69 81
74 30
X
82 39
91 5
28 61
9 49
92 81
55 59
41 22
19 34
21 66
70 35
62 67
73 36
32 20
28 86
70 42
80 75
20 4
33 19
39 18
14 13
24 40
42 23
93 90
10 63
2 54
24 20
18 53
35 89
14 8
84 62
53 96
61 54
80 57
85 42
81 17
55 72
21 91
54 50
37 42
33 55
12 95
59 85
79 59
45 45
13 74
96 19
85 86
23 82
0 60
79 49
6 14
79 54
43 96
75 31
38 14
12 67
92 43
15 78
88 3
95 56
37 89
9 26
40 96
61 38
12 21
69 28
49 2
57 67
74 81
27 33
28 7
93 88
20 1
67 29
94 11
73 60
10 88
6 54
44 66
37 32
3 38
81 84
13 29
91 15
79 91
72 48
40 76
30 69
62 79
41 26
74 37
76 36
26 11
23 53
60 59
17 52
65 54
34 15
41 3
30 44
12 49
54 82
77 61
72 65
64 18
97 0
0 21
8 23
4 39
6 25
37 50
39 59
23 83
86 86
X
77 9
88 58
37 18
74 84
83 5
41 40
21 59
59 86
50 76
35 80
90 40
59 74
49 63
85 81
83 46
22 94
96 77
10 15
11 87
80 60
59 90
71 24
86 10
86 19
10 33
90 69
42 93
70 26
19 58
37 33
76 54
19 89
90 93
45 21
62 74
44 63
82 1
71 0
3 40
14 80
39 43
72 31
84 16
28 34
61 62
47 80
18 78
15 85
56 61
39 39
58 93
64 1
12 41
46 46
47 30
10 16
21 22
49 74
3 68
68 96
73 70
54 97
79 46
41 96
15 76
47 91
6 86
44 40
44 67
47 46
88 7
56 36
43 68
68 29
78 94
8 86
14 12
11 97
74 86
54 28
30 24
43 11
96 82
51 42
43 80
18 14
44 76
25 36
51 74
85 78
55 98
35 79
9 51
74 16
31 50
63 92
83 0
3 31
66 60
4 53
63 12
49 89
9 19
31 40
66 10
29 1
43 38
69 71
4 90
28 46
6 43
96 68
61 67
69 70
42 58
20 15
24 90
69 2
22 58
27 61
21 55
66 73
56 83
80 76
91 6
40 53
69 24
91 21
52 9
95 26
32 33
68 28
15 42
8 38
60 78
75 98
16 53
44 56
77 83
67 89
91 23
57 55
78 34
80 9
50 55
69 38
49 68
77 32
84 51
45 75
4 87
61 52
38 61
79 16
31 6
81 22
21 15
80 21
90 23
6 78
42 25
85 24
55 14
6 81
68 94
72 26
6 58
23 73
40 3
51 65
70 9
40 17
96 91
78 1
10 86
62 78
40 56
45 94
9 70
46 50
74 20
60 62
57 93
6 35
15 54
73 88
42 96
4 10
86 78
93 79
66 19
45 22
8 92
50 54
38 70
57 52
3 23
59 22
34 86
94 38
26 81
50 22
29 35
53 81
54 42
35 57
14 75
41 35
15 24
50 47
29 74
1 93
37 6
28 48
46 49
39 6
80 91
47 37
89 44
81 50
17 73
42 94
75 17
98 17
23 34
13 44
66 54
43 61
94 3
0 45
24 12
66 59
16 19
26 82
1 67
54 39
73 7
86 38
73 87
20 18
7 1
52 61
84 12
58 31
13 27
81 0
2 29
89 20
82 42
82 7
72 68
87 42
65 28
95 96
84 56
88 34
95 85
21 7
73 8
11 1
4 89
96 43
74 33
79 11
35 28
22 73
80 15
83 74
67 30
41 91
27 3
64 26
98 65
8 48
43 39
47 98
37 83
98 41
65 30
13 8
30 66
55 91
79 88
52 41
2 65
79 38
57 78
8 28
46 91
15 75
49 44
65 73
25 56
87 33
56 10
9 18
37 28
53 22
90 44
10 27
87 66
79 36
80 55
16 77
78 46
11 71
79 40
57 3
50 23
55 62
6 44
30 56
10 24
5 86
46 88
8 9
41 89
98 32
60 70
25 80
73 38
10 1
96 48
64 2
48 21
70 91
35 17
30 55
94 14
22 80
52 44
59 36
84 89
X
64 94
40 51
59 75
80 20
40 11
45 30
X
32 48
20 39
39 15
54 74
66 57
48 27
63 23
93 67
91 65
79 83
18 91
6 95
43 9
63 43
80 98
51 85
16 34
80 64
30 90
38 94
37 85
26 98
89 83
81 1
2 38
8 4
72 40
45 42
74 29
73 71
50 88
19 81
30 46
5 91
6 49
52 76
42 6
10 41
18 34
38 41
90 85
40 20
80 0
72 88
X
62 35
67 4
13 47
24 11
71 72
9 35
95 1
1 44
56 11
78 47
11 29
17 97
9 54
6 11
66 91
9 10
53 48
56 32
78 3
2 69
29 83
12 56
34 64
83 29
6 68
27 42
4 2
54 93
78 64
61 8
81 23
33 48
69 50
84 28
38 6
43 82
16 3
91 24
38 36
30 93
22 23
78 86
5 50
8 52
71 27
46 10
26 88
93 20
84 98
24 67
98 26
75 9
15 89
64 41
23 54
62 94
26 52
14 52
88 70
91 37
24 47
26 14
96 29
55 1
70 61
82 6
62 7
50 66
64 10
82 34
97 58
2 52
83 68
82 24
83 33
62 47
71 76
26 86
82 68
7 15
12 28
12 60
90 13
26 85
90 52
6 50
82 88
10 94
86 22
90 43
82 49
3 88
96 53
95 74
13 92
70 55
30 18
11 62
7 77
29 41
98 0
28 75
46 15
23 39
52 16
55 12
25 17
46 60
53 3
9 8
54 91
72 93
69 5
66 58
57 86
90 83
36 11
85 62
52 42
95 0
32 91
73 29
47 13
X
85 7
74 78
24 21
19 45
71 13
4 83
78 80
74 54
57 26
4 21
86 31
X
74 18
40 13
22 47
4 59
97 80
78 13
41 93
73 50
76 0
89 80
70 58
38 96
78 58
51 75
38 84
0 97
5 30
90 58
32 19
18 10
36 83
61 10
65 37
92 93
68 60
3 91
47 71
36 67
84 68
38 12
23 21
14 27
20 7
61 83
30 54
90 34
10 12
16 48
28 1
25 68
25 72
64 45
88 92
38 73
77 52
3 84
44 8
38 95
83 79
79 50
24 78
48 95
80 3
87 93
98 22
37 23
89 14
44 80
77 41
28 51
87 74
52 38
33 67
26 21
70 89
13 98
51 10
94 54
94 2
71 94
12 29
84 59
52 2
35 9
98 35
60 48
43 16
92 67
94 25
30 50
97 17
34 40
43 85
81 54
53 90
37 46
75 38
72 74
86 60
11 25
8 55
39 74
88 36
6 88
57 43
96 46
84 57
90 41
62 6
1 53
56 23
47 10
60 16
79 82
91 38
10 92
51 3
75 58
52 53
47 21
68 21
82 90
72 39
8 68
57 87
26 49
70 29
60 26
72 55
21 1
97 87
19 22
6 36
45 88
57 22
24 46
68 12
30 10
48 44
95 63
61 2
43 18
59 60
25 29
77 49
21 56
7 12
92 54
4 45
54 54
38 30
47 54
27 69
97 86
76 80
76 57
16 13
16 96
35 15
14 21
56 45
72 50
9 36
38 83
0 47
71 93
36 68
41 82
63 27
71 51
24 24
73 81
96 31
22 63
89 33
13 10
6 32
90 71
36 61
30 32
72 73
79 94
41 86
74 89
69 3
6 34
5 44
50 34
53 41
32 23
61 23
43 2
14 50
13 21
54 49
76 40
62 55
17 8
64 38
49 37
19 65
87 51
30 47
22 1
79 89
7 75
59 57
86 20
26 22
80 32
79 21
82 10
58 43
41 2
63 2
48 93
4 29
97 71
95 11
39 76
35 26
39 88
16 60
60 73
91 12
41 62
44 22
8 51
58 64
46 92
X
22 53
8 64
38 48
73 10
59 28
84 52
72 75
52 46
44 30
8 95
24 82
19 40
37 94
58 71
44 47
79 17
1 51
41 21
85 50
1 86
55 13
83 39
25 35
59 39
17 64
79 24
88 77
18 82
8 84
10 3
13 62
45 31
8 54
2 23
87 63
33 88
80 25
60 80
74 59
3 26
48 94
8 16
22 38
54 20
2 81
84 67
49 11
89 25
90 31
61 93
27 70
83 90
94 22
65 63
69 78
14 37
77 90
62 11
21 54
67 52
58 86
3 17
33 89
17 69
97 53
17 27
30 57
91 45
87 54
73 22
8 25
23 25
27 40
26 46
80 87
82 12
88 42
83 85
28 26
29 5
54 57
3 64
14 34
17 12
37 86
45 58
43 21
34 34
24 32
37 73
85 54
16 33
47 62
92 51
20 92
66 90
86 59
47 93
61 70
96 33
48 48
88 94
39 19
1 35
48 41
18 35
62 92
19 6
45 1
2 96
87 41
47 72
55 20
48 75
8 97
98 49
49 46
69 89
40 34
47 48
25 49
26 48
44 75
71 74
39 5
57 71
8 14
58 23
78 91
69 74
98 63
9 34
8 63
96 55
23 44
3 69
41 6
55 93
28 3
12 43
97 23
83 20
26 66
34 7
58 96
54 32
43 63
93 56
54 62
16 88
5 53
59 84
53 82
71 36
15 38
24 42
79 72
33 22
77 2
96 39
51 72
18 55
3 55
94 58
66 80
38 16
51 48
13 9
26 77
24 52
51 30
63 65
5 64
72 43
X
66 45
78 93
28 10
60 23
21 63
7 88
91 68
73 49
34 81
1 14
37 1
72 59
2 98
54 73
35 11
5 8
29 80
63 98
61 64
46 42
6 22
10 64
11 23
18 15
70 52
16 79
40 19
71 44
80 88
79 9
49 33
33 24
50 39
65 58
54 2
45 26
65 98
95 12
19 92
75 34
4 7
4 30
60 91
91 85
66 95
51 61
75 16
57 85
85 11
16 21
71 14
7 30
91 75
80 13
12 82
53 77
82 75
52 40
2 26
89 41
79 69
87 5
59 26
8 76
81 80
35 67
23 16
65 38
56 51
30 8
64 25
44 17
32 90
1 18
60 57
91 42
63 52
22 7
39 72
35 37
78 78
94 4
7 9
57 81
48 12
36 21
60 60
86 23
6 47
72 27
70 48
21 9
52 17
93 35
33 32
76 38
93 66
39 10
88 4
13 72
7 94
15 52
62 64
2 89
40 75
8 19
90 57
33 85
23 52
57 39
61 61
64 44
75 65
61 94
16 29
76 90
17 2
30 20
62 17
6 96
95 92
6 56
88 25
58 94
37 41
91 83
37 95
46 54
68 37
58 72
76 34
63 30
24 39
66 51
65 94
84 37
54 45
17 58
11 88
58 65
50 77
71 8
32 80
4 73
55 63
56 65
5 45
62 46
68 43
31 22
35 23
92 0
32 40
52 8
15 51
62 65
26 74
65 41
15 50
46 89
28 62
24 48
47 44
10 9
61 80
8 34
30 33
19 64
44 13
32 36
81 44
69 9
94 43
41 13
93 63
42 92
19 42
11 27
68 16
78 63
13 91
68 48
37 19
39 20
46 43
43 65
98 34
8 53
50 6
18 7
60 2
88 95
77 33
91 41
91 91
39 60
14 61
36 94
76 16
35 81
72 29
62 10
7 67
41 17
4 38
83 2
62 28
97 81
18 21
80 5
57 69
39 56
28 66
5 89
12 70
61 49
23 6
38 82
29 29
28 32
87 86
22 41
5 39
43 74
15 21
58 69
13 18
95 25
58 3
49 51
61 88
57 76
26 40
85 65
75 81
87 19
64 17
94 64
9 16
71 28
69 25
43 67
93 68
89 70
54 88
6 12
13 64
88 46
68 3
58 92
26 9
97 27
80 71
54 5
91 74
98 89
22 61
98 7
75 50
83 83
90 97
70 21
32 88
84 10
70 14
51 23
33 86
59 80
78 60
79 1
1 58
52 90
1 87
3 50
51 47
7 37
27 52
69 64
39 30
55 49
61 92
38 57
25 18
97 40
84 82
98 84
73 42
41 27
83 84
29 71
2 48
90 12
19 35
91 67
83 88
19 44
20 46
13 94
57 72
35 7
69 54
26 43
38 97
38 7
X
65 34
95 71
77 28
9 21
14 65
17 70
53 19
24 77
98 87
96 23
11 34
5 31
97 7
79 90
43 20
54 85
48 11
93 6
73 53
16 68
32 60
65 91
19 5
83 89
15 11
11 16
95 44
69 59
74 35
26 10
81 49
18 58
51 59
40 48
31 55
38 60
52 4
83 65
34 52
37 84
85 75
65 75
57 63
24 15
93 4
47 19
48 82
90 18
92 74
76 49
7 79
62 89
88 27
76 94
3 66
37 26
37 59
60 28
15 26
74 34
91 33
87 81
83 56
25 92
52 96
35 77
18 95
61 15
72 38
88 80
81 2
64 42
65 59
17 15
32 26
44 39
59 65
57 31
36 19
64 66
65 9
93 74
37 37
72 8
78 29
84 95
69 23
65 71
33 70
5 6
74 88
89 12
48 54
10 47
47 78
25 75
26 87
49 30
49 27
64 86
59 37
60 1
14 38
33 23
10 14
41 76
20 75
87 82
77 14
52 33
7 39
96 76
91 7
72 63
43 6
64 55
16 5
59 46
40 38
62 38
47 15
43 3
12 16
79 22
82 21
70 73
12 53
40 55
90 15
3 6
35 58
66 72
25 3
34 62
36 92
2 46
71 64
32 94
77 92
14 83
73 72
39 61
87 98
3 59
53 50
62 62
23 69
46 9
52 39
45 68
57 96
93 39
52 77
59 35
13 28
8 44
92 73
21 31
5 9
34 27
90 96
57 20
45 53
77 81
94 62
53 23
90 22
67 95
88 45
14 36
8 83
94 35
72 46
22 18
89 63
25 58
23 13
88 90
X
9 69
72 14
92 69
7 55
69 96
95 69
52 62
91 56
72 95
9 79
19 72
34 13
63 19
63 83
56 55
12 75
8 85
14 48
28 40
66 63
57 41
81 29
88 15
20 25
94 10
47 73
21 67
5 68
48 19
17 1
1 0
56 44
65 76
84 91
29 84
48 65
2 27
52 22
49 67
49 23
40 87
16 90
11 15
28 59
11 19
56 60
40 37
2 51
48 71
51 71
84 34
3 25
66 92
31 48
21 95
51 96
5 60
31 28
12 74
66 8
34 55
52 3
53 24
73 75
X
89 23
68 51
22 55
62 59
81 8
54 23
49 52
61 28
75 87
49 69
86 44
24 19
10 20
87 9
18 96
23 77
98 46
45 90
89 39
62 76
84 19
96 0
67 7
79 63
47 65
35 24
24 38
79 70
4 34
82 46
17 13
30 16
68 81
93 40
96 72
71 56
4 54
4 72
80 94
77 64
40 82
37 35
54 44
11 14
94 91
20 33
69 97
64 28
53 89
45 16
74 41
62 30
26 30
18 63
34 22
46 19
78 68
64 93
42 74
43 86
59 52
71 47
38 53
98 79
37 51
85 18
86 30
86 5
3 80
9 91
12 88
42 70
63 24
55 57
34 74
21 68
80 95
74 36
43 36
70 92
66 98
55 70
16 11
5 65
55 55
12 39
53 68
64 43
56 98
39 85
16 84
76 67
17 72
25 87
76 85
63 81
72 71
8 70
22 66
17 22
43 54
38 27
32 49
87 37
29 65
58 84
93 76
71 33
16 73
10 69
43 34
87 92
43 66
47 16
21 14
96 44
24 56
59 7
22 91
52 35
63 11
58 73
7 48
81 58
24 71
55 73
71 73
0 51
85 55
12 45
71 77
60 75
49 59
83 60
64 8
72 3
34 24
27 27
31 98
53 12
68 41
47 27
9 58
55 36
45 17
47 33
78 50
10 29
44 46
91 52
42 57
28 12
17 74
7 27
21 69
86 64
54 13
17 11
72 28
20 96
49 13
71 58
29 34
48 89
85 70
78 72
75 44
88 22
67 31
51 53
62 91
58 22
4 20
98 92
83 77
98 24
2 77
29 46
42 76
40 7
64 29
98 48
8 22
46 11
10 25
71 10
75 73
67 43
0 87
9 98
52 72
15 28
36 44
77 43
25 41
57 44
44 88
17 3
54 72
18 93
2 70
69 91
59 6
78 33
64 95
59 47
47 82
36 80
27 68
62 36
1 96
2 33
21 39
90 42
22 34
89 98
78 19
83 3
53 26
58 60
56 54
45 39
57 38
25 44
64 7
39 1
69 92
14 91
98 8
44 11
46 14
63 42
7 83
61 63
95 29
26 29
94 74
77 1
54 92
96 10
26 47
63 49
78 66
81 18
98 95
79 23
39 25
13 88
85 60
3 19
46 78
5 40
18 0
35 50
13 25
76 29
X
7 87
7 78
6 37
23 61
50 69
0 82
21 46
67 47
44 61
48 66
96 84
15 74
51 49
54 75
49 64
24 25
20 43
45 86
39 34
58 79
65 42
57 32
56 86
49 62
89 15
48 36
66 3
89 46
18 2
47 51
42 3
11 66
15 55
37 44
1 56
73 98
19 68
2 32
55 54
76 98
68 56
90 86
88 49
88 54
69 1
29 96
95 59
20 56
63 58
21 13
43 31
79 7
79 44
79 12
57 5
24 29
42 2
72 33
10 35
7 28
49 20
46 55
65 57
35 32
63 40
45 54
86 21
28 64
85 73
83 47
55 60
97 56
30 78
81 71
63 85
11 48
18 92
50 41
96 69
28 9
32 66
31 82
25 61
2 64
7 8
39 50
60 24
50 87
18 25
92 27
6 30
71 1
78 54
49 87
19 20
81 20
7 59
38 47
96 75
22 8
75 82
56 8
2 25
12 59
11 76
13 48
65 33
20 63
1 82
50 60
15 2
13 81
10 90
1 63
6 20
38 43
98 54
10 56
11 82
1 76
31 3
14 70
10 62
73 17
47 12
12 24
43 35
42 87
97 9
35 29
15 22
37 81
78 55
12 66
45 50
41 69
57 62
21 92
61 55
10 91
16 55
56 4
63 84
34 89
7 84
25 40
52 89
5 88
93 34
89 92
14 3
21 85
80 11
53 79
19 74
69 66
90 59
12 94
46 1
54 95
33 62
53 14
89 68
36 82
76 18
27 29
7 52
62 23
95 86
68 88
12 65
51 2
81 55
58 10
89 84
76 2
41 5
43 7
25 11
58 66
81 33
29 78
55 80
54 40
10 2
86 12
98 96
X
16 40
72 30
9 90
50 64
59 29
91 50
36 29
49 90
25 93
92 12
1 59
97 90
97 85
89 32
79 33
55 34
48 62
10 57
70 10
93 30
34 82
64 81
7 33
43 55
10 10
19 52
24 74
25 57
63 70
22 98
92 5
26 34
31 20
60 76
87 32
28 73
69 35
23 15
85 17
95 83
42 77
65 88
10 28
80 61
46 48
98 94
90 64
46 81
66 84
3 35
98 88
28 77
38 20
72 70
77 35
47 64
51 52
56 6
30 31
66 56
59 72
36 60
56 27
75 57
48 76
20 9
21 76
9 42
40 1
26 50
4 35
53 27
39 91
47 42
6 93
47 96
92 34
70 50
97 4
5 13
33 49
75 28
22 93
80 50
35 68
64 61
94 16
26 61
26 42
31 1
X
88 44
96 1
20 77
5 32
3 28
83 19
49 81
21 74
5 12
92 88
96 50
7 74
72 21
94 30
94 20
76 44
21 44
67 80
9 87
39 87
7 86
79 37
71 37
64 77
50 12
9 83
76 88
36 79
18 41
54 56
59 18
84 36
16 59
56 63
36 84
52 10
62 57
19 8
43 13
64 19
78 45
86 7
58 75
58 90
44 35
0 72
59 10
76 30
79 34
57 56
73 0
91 76
21 93
28 79
61 76
85 32
44 24
30 79
88 33
15 13
1 66
62 49
60 55
79 66
69 61
41 41
31 34
73 23
6 2
13 96
3 9
38 74
11 47
42 84
9 47
4 11
41 18
6 66
56 28
64 63
91 46
36 51
11 39
78 84
66 53
14 56
90 66
39 2
11 17
72 35
11 12
95 32
40 6
38 22
40 18
77 4
7 14
33 21
28 81
25 62
9 56
61 81
27 53
90 61
81 46
34 35
21 40
10 60
51 40
87 24
54 46
69 80
64 40
31 35
32 42
92 31
23 26
91 31
24 54
63 31
57 61
65 31
75 54
84 39
98 38
15 70
6 63
71 43
63 80
7 97
20 3
37 90
13 70
88 17
81 56
44 94
89 50
6 33
22 56
48 42
42 42
80 63
2 68
15 93
14 77
35 88
28 20
94 32
6 72
12 38
8 17
50 80
10 39
10 48
22 70
4 52
73 51
74 76
27 1
7 93
50 20
15 4
71 80
79 32
18 43
2 60
56 62
1 95
75 77
97 39
26 64
20 54
91 22
21 64
24 18
35 21
41 74
96 54
3 93
83 35
8 88
28 68
82 66
17 51
72 12
31 47
94 63
19 66
38 55
23 80
93 64
19 70
40 2
2 9
1 91
31 18
50 82
46 28
36 14
41 79
73 44
54 22
81 70
47 34
20 66
94 90
16 26
32 46
72 96
41 14
29 25
3 33
6 60
84 29
98 13
68 38
44 49
58 25
23 70
12 12
42 79
74 63
13 38
44 5
25 88
56 15
84 72
29 79
81 74
61 46
72 57
51 19
9 32
82 82
50 43
4 78
98 4
86 62
6 74
39 47
88 63
85 63
70 74
73 14
79 45
58 33
26 4
23 36
79 58
56 90
11 84
20 28
81 72
68 10
59 45
51 20
67 38
38 79
95 75
69 17
66 18
16 70
22 21
32 50
69 51
92 20
94 29
26 38
26 84
19 19
52 50
87 94
73 74
18 8
78 56
26 90
58 67
72 44
97 15
39 49
82 33
26 33
23 76
11 64
2 97
26 91
33 15
37 56
83 91
23 79
91 86
68 4
63 64
X
3 90
15 58
94 28
85 5
43 70
35 31
47 14
56 53
23 1
49 60
86 2
X
95 13
60 66
46 75
18 13
66 71
88 78
49 66
42 85
69 93
12 30
45 61
93 41
16 69
57 59
14 29
36 81
11 28
96 37
36 15
88 89
67 5
64 82
10 61
95 43
16 28
4 22
72 9
5 2
83 80
23 59
70 49
78 32
56 43
57 14
50 50
4 31
90 67
97 70
13 76
67 10
51 68
14 82
96 86
33 25
90 94
73 45
72 42
24 85
7 98
69 49
42 59
19 33
12 85
43 60
98 30
37 79
46 29
14 95
8 89
55 77
53 46
4 19
46 59
90 75
32 35
50 40
81 67
22 45
82 80
15 65
40 68
70 96
65 7
55 22
8 29
59 25
69 98
66 61
64 12
4 9
77 48
98 62
7 47
32 98
15 82
83 12
90 36
91 72
75 79
44 31
35 40
75 55
45 78
31 60
15 0
56 79
40 79
26 69
23 41
49 93
13 20
34 63
80 28
52 57
28 18
97 8
87 20
29 21
28 5
82 77
34 76
66 88
93 12
55 71
18 73
75 78
30 68
45 27
45 76
77 70
44 16
92 91
39 28
72 94
42 89
81 28
49 5
77 63
21 8
27 86
26 55
47 17
28 14
73 89
67 32
X
39 71
97 66
58 2
85 43
48 52
57 7
27 15
19 12
82 19
26 31
17 60
98 29
60 92
85 28
47 8
3 1
35 74
78 16
29 47
15 37
68 90
63 8
34 28
35 38
37 57
6 6
94 69
78 9
X
88 11
36 43
31 69
91 70
74 58
27 75
42 18
2 13
82 87
38 80
23 20
6 53
17 89
70 90
54 77
46 95
67 76
59 11
52 24
11 58
47 95
18 18
44 19
14 39
37 80
83 66
62 29
96 71
58 77
41 87
95 23
77 58
36 22
7 21
37 68
12 2
26 27
39 89
16 24
91 71
46 4
71 12
25 89
46 20
69 79
69 62
84 17
83 82
17 75
27 5
6 61
45 80
74 49
67 83
82 98
12 87
41 90
98 91
43 83
25 66
27 81
94 61
13 13
38 71
49 38
78 95
46 65
34 72
44 36
49 24
88 32
80 8
91 66
95 55
14 74
20 23
37 76
75 80
44 87
9 43
94 68
63 44
25 60
81 95
38 59
51 54
10 87
21 47
62 69
8 8
31 16
78 81
34 33
59 94
88 51
22 96
78 36
33 65
70 65
45 91
61 48
13 15
35 65
17 55
91 77
38 44
49 96
2 14
31 80
66 41
33 72
65 80
43 32
97 64
25 83
63 71
98 53
82 84
43 69
75 43
47 55
14 92
14 68
98 10
46 37
32 25
53 16
14 53
32 13
8 26
91 30
50 8
52 7
60 54
7 53
35 93
12 89
89 42
26 54
91 40
62 27
20 98
58 68
43 73
31 75
23 42
49 56
93 55
21 78
49 97
9 84
42 68
42 66
45 14
19 95
63 41
13 36
60 89
40 33
82 18
76 25
29 55
96 83
54 14
82 78
32 86
41 8
44 1
15 95
38 21
13 49
9 76
15 84
43 77
85 19
71 25
14 35
40 57
7 68
11 60
57 60
11 94
18 52
95 5
76 81
96 59
58 47
43 90
47 49
76 43
4 67
97 47
78 53
6 82
87 22
81 83
65 74
93 15
54 87
95 6
95 28
55 68
62 70
20 17
19 9
17 59
30 81
35 75
59 16
24 45
29 72
72 0
49 36
38 67
81 21
13 46
87 64
70 3
47 81
24 93
5 43
4 97
55 86
81 47
13 22
14 54
19 93
15 61
29 43
52 92
21 73
77 60
80 68
37 34
36 55
2 45
28 41
76 50
87 67
57 79
27 44
10 23
66 65
84 75
43 58
32 81
22 15
36 16
79 71
98 81
19 14
86 8
54 29
83 32
77 44
7 95
3 89
19 51
18 98
13 19
17 4
11 83
22 2
33 82
90 33
32 77
32 22
74 80
43 15
54 48
82 9
36 27
85 98
86 13
29 56
47 32
51 92
27 80
60 68
95 76
47 53
95 15
18 60
49 53
3 29
81 34
6 9
21 77
10 40
44 26
45 71
15 6
54 12
54 3
24 68
13 58
44 93
17 93
87 90
34 70
4 82
40 41
37 82
66 33
29 85
73 5
1 9
14 24
32 62
87 0
46 76
45 20
72 49
39 64
42 39
97 2
35 43
85 64
29 67
37 43
95 33
8 77
63 77
76 63
92 33
1 55
96 42
7 6
27 28
14 93
86 88
93 51
8 72
15 90
65 4
52 58
76 79
35 46
56 56
70 45
28 70
96 3
6 7
87 73
27 46
95 48
56 21
91 53
13 93
38 90
17 25
13 73
33 34
72 2
77 87
56 91
16 6
78 18
61 73
56 47
40 88
95 57
4 96
1 29
2 30
83 10
61 40
18 54
97 36
48 86
49 76
90 54
26 15
59 89
55 10
63 18
5 25
1 90
42 88
91 60
63 56
3 72
74 51
17 26
12 78
73 56
2 53
87 50
9 12
32 79
72 34
14 26
53 69
90 37
50 36
50 30
16 57
59 78
41 42
41 85
22 22
65 53
22 4
48 22
73 30
80 48
54 69
58 74
58 56
61 91
87 18
53 84
62 81
72 87
86 73
42 67
85 33
70 57
74 95
20 44
66 47
68 44
81 97
87 87
24 61
81 16
69 94
28 45
52 59
33 93
39 23
60 36
5 59
28 60
9 80
65 82
4 40
2 91
15 8
88 8
12 62
69 20
43 47
25 50
94 31
68 77
51 76
71 29
79 56
33 75
90 38
63 46
19 41
16 35
50 86
46 63
81 79
64 84
19 46
2 82
60 88
57 6
39 63
78 59
67 60
55 2
34 50
94 5
34 78
0 63
21 4
66 75
54 27
3 81
13 84
32 63
48 53
35 0
28 16
74 19
89 43
57 80
9 33
12 10
86 4
61 16
39 26
64 62
9 94
43 5
97 19
80 33
67 40
42 43
68 91
11 40
91 27
11 49
43 25
64 6
72 61
40 44
32 21
55 29
80 31
58 98
78 70
33 91
82 94
77 53
33 43
50 65
12 9
80 46
40 90
39 33
84 85
84 94
15 5
6 69
22 77
45 46
17 88
20 60
7 29
71 89
66 20
74 40
32 78
29 0
11 70
32 18
53 38
53 2
97 45
62 60
28 52
34 32
28 4
45 77
44 53
53 87
78 87
48 2
40 69
14 60
44 68
5 38
20 52
53 75
93 28
48 74
4 6
85 10
67 48
40 46
23 12
31 42
96 64
67 42
50 33
38 49
86 85
92 28
8 11
57 40
41 45
96 96
56 72
74 6
33 51
92 66
34 36
34 11
51 22
84 20
16 74
71 96
89 28
54 96
80 24
21 11
14 76
84 38
20 93
8 31
40 73
35 66
49 34
17 79
53 29
41 39
45 62
92 44
43 23
16 80
56 58
4 4
56 73
21 52
36 47
11 36
50 89
81 93
73 77
56 41
61 11
29 73
97 1
11 42
57 12
13 83
48 87
31 79
9 93
87 14
13 75
0 94
53 25
21 98
66 50
71 42
88 87
91 54
64 5
21 45
40 95
63 72
28 2
95 94
42 60
72 54
68 30
42 91
28 8
37 53
2 24
88 81
65 81
57 13
4 85
18 44
79 55
24 72
74 10
30 85
40 10
14 47
98 42
21 53
48 88
92 38
24 22
73 97
95 38
18 29
16 86
81 98
34 58
13 78
45 67
94 34
83 70
63 53
5 84
97 91
45 28
88 65
24 81
41 94
60 22
17 41
94 15
22 39
34 92
37 96
39 75
71 79
35 47
35 33
73 24
21 30
36 24
77 78
70 94
9 65
18 64
24 13
4 1
63 16
80 78
81 91
13 41
11 43
97 42
65 89
3 60
32 29
29 33
68 63
16 47
85 44
58 41
3 5
89 94
81 90
27 11
63 82
63 1
X
15 3
45 32
14 78
17 98
64 46
56 85
33 28
65 70
21 79
95 93
85 79
71 90
78 83
4 86
93 21
9 78
20 67
45 15
22 79
98 82
59 2
35 91
45 7
3 57
73 33
73 57
62 80
63 61
23 33
94 81
65 50
95 90
67 21
58 83
25 19
82 38
33 14
90 32
76 17
14 87
53 93
59 73
97 41
26 7
25 48
1 88
71 71
65 47
56 57
97 49
69 57
74 71
0 14
36 66
24 17
25 6
61 1
77 88
2 55
42 83
95 87
96 22
31 19
29 26
65 64
89 0
18 72
12 37
91 43
49 40
9 85
5 29
84 32
6 28
39 84
52 34
80 77
81 57
30 91
37 16
98 2
7 23
97 22
54 60
32 51
1 10
83 48
54 16
48 7
78 17
7 76
80 29
11 46
16 25
85 92
85 83
24 16
20 80
78 10
15 35
14 90
18 9
39 14
55 43
2 94
96 15
36 38
97 33
10 55
51 89
58 91
45 41
51 73
62 39
69 52
73 73
14 66
96 51
30 6
45 79
5 26
41 66
62 26
69 67
75 88
44 83
75 93
76 84
48 51
67 59
85 34
41 78
53 53
24 28
74 98
75 0
4 42
34 46
8 18
9 57
97 20
X
85 22
89 85
9 45
30 82
25 85
70 62
82 17
30 9
12 19
64 80
90 53
49 85
33 95
76 73
7 63
95 58
83 62
46 34
25 5
74 17
35 14
93 33
86 63
4 26
73 13
87 40
27 67
X
27 43
14 71
54 18
85 8
4 17
12 42
34 71
14 10
79 95
36 71
20 8
75 86
90 45
44 70
26 89
76 19
77 15
11 20
11 73
20 10
55 28
28 25
51 58
27 7
71 57
34 18
93 77
90 25
47 85
89 82
52 49
70 27
92 72
67 24
74 2
3 49
24 70
35 20
36 7
46 36
16 52
38 51
68 61
80 14
6 52
94 39
24 41
78 8
23 57
67 93
26 5
49 45
55 41
29 45
95 41
22 62
15 47
32 14
17 68
53 76
74 4
26 62
90 92
9 20
53 56
78 65
23 91
25 70
30 52
66 52
7 71
93 82
23 18
4 47
80 23
38 8
46 82
66 46
57 64
65 61
7 72
61 90
54 10
55 61
2 35
54 52
66 7
77 29
20 16
88 91
11 2
97 37
12 84
41 44
29 90
59 4
70 72
93 7
54 79
2 63
96 63
9 48
9 55
44 82
60 72
30 51
91 51
94 24
36 74
79 20
X
33 46
75 1
6 1
82 15
81 69
83 9
29 32
95 40
94 57
87 36
72 32
30 0
56 25
23 81
77 62
12 20
86 11
60 39
95 91
94 72
43 71
49 19
98 45
67 82
12 68
11 74
40 49
13 37
87 12
8 13
17 95
96 13
23 92
63 26
88 55
86 24
18 20
73 2
22 43
7 89
12 54
76 13
88 23
34 23
38 86
58 61
15 25
89 81
32 34
0 66
18 22
61 25
27 79
45 95
84 9
17 29
83 28
64 3
98 80
17 19
17 77
21 16
32 0
51 5
49 94
39 86
0 20
66 29
77 75
88 66
70 43
66 36
20 82
55 15
49 70
21 96
33 94
87 11
47 18
35 83
21 60
43 84
83 6
55 0
70 38
43 76
82 14
73 3
21 42
29 48
64 24
3 94
89 38
26 32
37 98
36 17
61 35
16 91
98 70
16 51
37 78
32 16
17 18
85 13
88 57
59 69
93 14
51 43
1 61
58 53
67 58
35 76
59 64
93 59
40 42
59 41
42 15
15 80
14 33
57 91
94 86
58 11
46 38
81 73
3 45
60 61
53 63
98 33
74 27
98 47
64 71
5 48
55 58
10 18
36 93
39 93
11 57
15 72
59 93
34 80
73 46
32 74
20 59
95 98
89 45
34 47
96 92
7 22
34 59
9 97
25 28
56 59
78 21
5 17
6 4
63 67
12 22
88 31
74 3
70 56
57 10
2 92
41 1
35 82
66 76
91 62
24 3
31 21
79 86
49 35
44 38
87 8
82 40
97 95
87 16
1 92
13 4
52 30
92 53
67 51
41 23
67 46
48 73
76 15
84 80
44 9
83 4
46 7
10 82
75 7
44 32
48 15
7 18
89 24
19 15
88 71
59 54
96 56
86 32
59 27
36 36
93 89
75 89
43 64
13 56
0 9
44 79
26 44
53 95
40 85
81 11
92 40
24 73
6 38
22 20
68 92
21 25
12 97
3 70
39 31
36 95
31 70
15 17
94 21
24 30
83 57
20 21
81 68
33 35
37 7
20 78
78 12
75 76
14 55
30 5
56 68
8 79
64 58
8 90
45 51
65 60
95 82
80 26
70 64
7 40
47 58
30 14
18 3
3 21
38 28
57 37
3 53
24 57
48 13
85 59
11 41
93 60
73 9
4 32
84 33
40 78
50 3
79 73
73 52
90 21
93 72
87 34
22 87
33 78
9 15
86 77
93 92
89 65
20 51
84 50
90 35
83 93
21 24
47 20
59 77
68 89
39 35
23 40
6 80
23 78
89 58
70 66
89 93
6 64
15 97
51 91
10 45
3 58
97 12
33 60
29 40
30 48
11 37
88 93
96 47
50 75
68 75
41 95
6 75
58 18
66 96
95 79
30 42
37 70
6 51
10 59
30 36
43 50
41 81
6 46
47 76
26 20
90 95
22 19
77 79
13 45
30 53
71 92
66 85
42 47
34 21
87 2
17 23
20 32
27 4
32 28
76 20
61 59
22 60
25 55
74 93
20 76
98 69
37 20
59 91
62 90
47 22
50 59
35 86
37 61
31 87
28 31
46 44
36 57
5 93
58 45
42 90
56 14
50 37
37 48
6 16
80 34
61 9
28 67
65 51
49 73
46 32
74 0
20 40
68 11
19 25
40 16
2 90
96 38
80 90
93 53
15 20
46 12
93 31
38 81
35 87
16 89
24 43
5 37
82 79
54 84
23 5
57 4
26 35
27 89
62 12
53 52
31 36
29 82
14 58
40 24
92 30
15 87
32 89
57 75
64 75
68 50
26 79
71 82
48 57
93 80
11 35
23 98
63 9
57 65
30 67
26 25
6 55
31 17
10 65
33 81
10 77
6 29
X
33 68
89 57
6 70
87 53
94 79
38 77
10 83
33 37
74 39
90 84
8 75
18 33
76 22
15 14
25 23
12 15
46 16
20 53
13 53
10 13
78 2
20 69
48 32
5 67
78 71
68 49
77 3
15 7
67 16
3 96
47 77
75 74
62 48
44 7
72 86
49 22
25 31
5 47
36 91
84 76
22 5
43 95
74 96
82 23
14 28
45 56
55 53
6 15
20 79
53 49
93 42
63 91
22 32
56 22
86 61
43 29
20 22
2 28
79 39
47 41
55 48
5 96
70 5
79 65
41 59
3 86
22 78
76 14
66 64
71 31
36 39
89 91
28 69
37 13
X
70 59
41 24
89 26
89 16
87 13
9 2
42 48
75 49
76 64
65 32
12 13
55 52
72 1
24 87
23 29
24 55
70 28
40 14
23 27
58 55
53 67
91 13
65 6
24 91
55 92
28 29
42 56
X
89 37
71 48
97 63
5 14
26 83
0 73
68 71
66 28
55 21
21 19
66 94
18 88
4 0
23 3
11 93
82 95
76 51
45 81
48 34
7 19
47 43
82 65
7 85
25 12
38 42
72 37
25 26
22 14
22 75
15 88
41 11
73 78
79 13
95 68
16 16
24 50
52 45
88 56
9 50
45 93
78 88
7 11
97 93
86 6
68 76
49 86
26 23
13 63
62 41
89 54
4 12
35 84
36 28
80 70
4 13
33 39
79 8
67 78
84 24
7 32
29 36
87 6
84 5
32 59
3 87
47 29
14 5
41 83
37 47
48 69
29 31
70 98
97 51
78 61
94 23
13 34
23 4
23 8
42 80
82 54
14 20
12 61
5 7
22 92
92 68
16 2
16 93
59 82
19 24
85 61
2 11
92 96
17 81
83 96
21 61
40 89
23 55
45 11
35 64
89 66
78 24
95 31
49 79
65 93
29 2
85 66
92 2
96 41
53 39
11 11
77 55
83 87
10 34
46 56
78 85
3 83
6 8
33 47
44 55
24 83
66 70
12 96
54 31
74 94
26 59
25 24
77 94
96 95
69 82
35 56
3 22
16 10
27 49
4 16
93 16
46 66
79 67
3 71
92 59
13 11
69 60
73 58
51 7
32 97
84 7
52 54
48 90
23 56
69 65
48 18
75 70
27 66
45 55
51 63
81 19
91 96
72 45
75 36
75 62
97 38
33 79
70 4
50 29
32 47
68 31
43 88
75 29
22 11
24 23
84 35
38 45
98 44
23 43
74 60
47 24
82 51
38 23
47 11
54 41
51 79
55 90
93 54
21 12
70 6
76 70
94 78
85 85
4 60
33 20
83 69
5 98
71 9
78 90
48 46
97 24
39 0
91 97
3 39
54 7
77 54
90 98
17 57
46 40
60 25
72 36
67 84
80 97
54 4
1 45
48 78
91 1
74 23
66 30
24 98
13 97
50 27
55 47
82 35
26 80
65 56
26 45
91 19
0 76
42 16
41 19
55 6
X
25 69
42 44
49 88
18 51
68 39
9 92
37 0
52 80
50 17
59 24
91 39
38 11
38 29
44 29
24 37
19 82
79 64
53 11
82 50
7 20
26 24
86 15
44 25
57 46
58 24
86 40
39 16
18 17
50 2
62 66
76 89
0 93
3 85
79 31
72 51
3 63
59 55
78 20
12 36
5 11
4 56
80 96
67 61
48 3
63 55
27 57
88 98
24 86
86 36
91 58
29 57
75 92
92 94
28 27
53 54
80 59
54 25
98 57
45 48
55 83
79 47
17 78
5 85
51 95
50 21
74 24
39 54
28 17
85 39
51 60
60 41
42 50
73 93
12 14
62 73
87 17
65 83
29 28
28 53
15 12
94 45
65 10
75 63
36 25
28 85
12 77
97 32
29 89
46 58
17 24
49 72
51 62
25 37
12 93
50 35
49 61
51 38
75 53
57 53
77 86
64 56
22 74
69 95
22 71
7 81
76 61
18 90
61 72
42 45
4 25
58 59
74 72
98 93
62 75
21 41
93 3
50 46
48 97
60 64
53 91
3 56
18 79
27 20
21 35
75 25
10 97
69 37
12 90
57 83
90 50
27 23
54 78
37 21
18 80
29 77
73 21
37 58
88 12
13 26
5 71
36 70
68 72
11 18
32 71
72 20
42 11
45 60
49 49
5 70
79 19
86 35
1 24
91 25
46 5
4 61
96 21
34 39
48 63
27 59
16 98
93 81
31 29
51 24
87 79
70 60
82 47
92 42
62 31
32 92
43 17
36 46
95 46
16 9
27 6
34 20
45 66
81 36
83 97
44 62
89 69
78 37
38 56
82 5
55 38
83 14
7 17
16 17
12 64
29 19
74 74
X
56 1
0 46
80 36
0 57
63 78
38 25
25 4
69 48
16 27
67 73
18 12
74 61
96 85
65 84
90 77
31 66
8 10
55 76
66 48
74 45
36 65
12 71
77 80
1 73
10 36
34 48
82 52
54 17
23 45
61 71
47 35
39 73
25 82
72 25
82 13
78 22
67 54
X
0 22
9 96
49 58
4 41
96 24
23 23
58 62
60 3
19 10
7 60
39 65
42 81
62 61
35 72
23 64
49 54
78 89
31 45
52 20
24 44
97 46
34 79
12 92
56 81
56 20
36 31
21 10
48 70
72 58
60 69
57 24
36 58
23 31
84 47
92 41
5 42
44 18
32 32
90 39
16 42
61 24
68 47
84 6
32 37
41 12
49 4
27 13
25 78
30 80
21 23
56 12
4 44
71 78
43 78
22 59
84 60
33 42
41 58
19 23
66 55
57 77
33 92
27 30
93 23
72 19
29 20
8 35
6 77
55 24
97 25
12 8
39 36
59 33
24 31
32 85
89 6
37 62
70 36
47 45
5 22
13 54
78 38
42 19
28 19
14 2
44 59
22 46
59 83
89 18
11 30
66 4
57 94
10 49
80 7
55 44
66 6
94 13
90 72
8 37
52 23
11 90
30 19
52 5
97 94
14 15
12 4
27 85
69 44
72 52
33 69
5 5
45 33
63 3
1 85
50 92
7 92
35 59
45 63
45 89
45 87
38 26
63 66
28 84
96 30
12 44
46 52
65 19
81 9
65 5
55 78
23 50
96 40
85 56
41 0
27 10
42 69
35 70
20 34
30 2
25 77
56 7
41 50
95 36
96 14
32 64
71 91
60 40
57 84
58 52
37 91
28 21
25 27
47 38
73 32
30 17
11 24
68 22
37 17
80 85
19 7
68 84
92 64
14 62
71 50
13 39
9 66
49 42
41 43
49 47
52 83
28 44
17 49
37 65
36 40
2 34
15 94
33 7
91 94
56 0
28 23
6 45
56 88
17 50
20 81
6 87
60 6
9 59
49 39
32 6
34 43
92 36
80 86
30 74
76 58
71 81
93 94
47 1
42 62
61 60
69 30
66 81
50 13
79 60
45 0
39 92
46 47
54 43
25 7
28 43
26 36
30 22
46 80
6 65
56 95
13 82
9 39
77 36
41 7
92 23
16 71
64 76
65 11
35 60
53 83
25 91
81 75
83 22
50 42
58 14
4 24
45 5
84 25
40 40
73 1
77 98
77 84
57 42
0 52
41 70
34 67
7 25
15 40
79 30
88 13
19 43
68 78
59 67
20 65
40 86
X
81 78
34 38
83 13
27 45
9 77
13 7
23 24
83 63
97 34
56 39
48 80
89 97
97 50
59 81
7 36
20 38
92 89
24 33
49 16
58 6
42 37
90 82
17 48
20 57
58 76
71 65
11 26
72 56
56 2
75 85
77 30
58 63
83 73
49 82
16 65
94 6
82 89
91 18
36 69
34 25
10 22
21 20
74 83
5 28
24 49
19 67
22 76
36 41
40 47
61 78
71 61
50 91
8 98
59 23
44 95
10 43
55 51
76 55
70 13
27 65
87 31
11 67
4 15
8 71
85 68
87 45
43 10
67 88
X
69 46
84 13
88 18
59 87
33 31
49 29
58 15
89 13
97 69
54 36
55 84
51 56
71 63
29 76
50 24
77 66
10 46
46 45
60 82
20 11
73 80
21 58
17 42
63 45
47 50
22 54
2 61
11 63
47 79
75 22
29 8
96 28
62 50
75 8
16 61
88 86
2 12
68 54
34 87
82 96
15 18
70 7
3 92
74 97
5 63
34 57
42 86
98 18
30 4
37 25
3 51
51 80
80 82
85 91
X
55 69
56 82
59 88
55 75
42 20
5 52
98 11
92 37
22 10
31 63
24 97
86 9
85 53
8 21
8 32
31 68
22 57
37 93
63 86
88 14
39 38
98 85
57 2
69 56
17 90
24 35
10 42
16 7
23 94
46 30
6 83
55 94
36 64
25 43
4 64
46 35
74 1
41 36
35 85
88 0
18 89
55 31
27 12
50 85
30 28
89 51
58 37
54 47
69 26
77 42
40 5
16 49
46 77
88 50
15 57
4 95
78 28
53 86
46 53
62 16
4 74
41 73
X
25 46
77 46
92 39
93 5
32 87
48 37
71 55
17 9
56 5
81 26
37 60
25 86
84 2
86 29
51 18
54 70
78 96
93 70
32 82
23 68
21 33
47 89
96 27
91 14
30 29
51 90
98 66
50 38
85 67
51 6
90 1
42 49
48 92
55 4
39 66
71 59
94 60
87 28
56 24
37 12
50 61
49 17
61 84
19 55
1 12
27 2
18 26
74 5
92 7
10 98
68 52
0 10
25 81
6 76
84 18
97 44
59 61
18 57
17 92
11 85
45 49
94 80
3 18
69 8
71 95
97 26
40 67
71 35
75 40
X
87 71
96 93
78 92
82 91
98 1
8 56
23 95
70 81
84 40
39 58
56 38
1 43
55 27
25 76
3 34
83 7
49 41
98 15
17 10
12 35
81 88
86 94
50 11
75 23
49 55
48 58
12 79
8 46
72 7
52 25
11 55
70 41
70 24
23 19
83 50
41 37
7 82
48 49
79 57
62 83
59 79
48 35
83 81
74 32
74 31
25 45
95 95
4 77
53 0
2 58
34 17
3 76
86 65
8 27
0 65
7 38
44 10
53 60
12 76
27 84
92 63
29 44
92 16
30 25
56 67
89 31
12 27
85 38
65 87
1 23
19 90
3 7
75 61
65 40
81 30
59 59
21 71
12 63
41 46
43 89
31 90
48 14
49 8
12 98
77 10
76 60
93 38
41 68
26 68
97 55
59 3
36 85
4 84
12 72
86 33
47 47
65 18
44 14
30 21
16 66
87 15
23 32
58 38
48 24
58 46
49 7
14 11
78 4
55 11
50 71
4 88
2 47
47 31
98 86
73 63
88 16
69 21
5 34
67 25
51 35
7 5
70 83
82 86
40 35
38 18
43 75
77 37
8 5
18 16
36 0
59 62
46 13
47 67
39 55
95 3
16 95
83 64
36 63
29 91
38 63
29 9
6 5
41 20
0 11
20 45
66 25
79 28
96 81
14 96
18 42
85 37
74 25
80 2
44 78
7 49
40 83
14 16
69 39
94 36
37 55
48 38
5 4
7 26
7 64
94 33
67 94
20 95
12 17
44 41
37 49
74 62
32 45
44 84
47 39
15 39
96 90
32 93
76 42
95 9
25 20
41 15
90 91
19 60
87 84
14 84
45 25
5 69
89 35
50 51
13 95
48 23
15 92
69 73
2 87
8 42
81 7
24 89
88 52
74 75
26 53
90 16
58 95
89 5
51 21
73 83
19 91
84 64
60 63
29 49
92 95
62 15
67 91
55 7
67 87
89 75
60 37
16 18
52 85
77 93
15 33
73 94
0 53
96 65
50 63
81 13
75 52
3 98
49 65
93 37
54 6
84 4
25 39
77 40
67 71
76 59
15 86
3 97
37 15
51 27
41 63
19 53
51 55
81 92
82 92
11 65
32 39
7 56
36 78
93 83
93 11
66 32
12 34
26 6
1 98
20 83
84 70
51 81
74 55
22 67
98 14
76 86
46 51
30 87
79 29
32 15
25 38
57 27
78 75
22 64
98 74
68 17
42 17
35 71
9 44
81 14
8 78
11 13
87 96
54 89
41 54
60 67
27 31
73 27
95 53
95 88
55 25
35 27
39 32
13 17
73 96
35 42
63 29
94 82
65 66
53 20
79 85
98 12
70 31
X
48 50
77 21
82 74
5 97
94 77
56 52
X
X
52 60
X
59 40
X
96 36
X
X
22 69
80 45
96 26
52 6
41 92
54 38
X
X
17 20
69 55
80 47
24 26
X
27 98
36 52
97 67
50 79
60 29
X
2 59
X
X
X
55 5
X
X
X
X
28 74
26 41
X
X
X
X
X
X
96 49
29 75
X
X
X
X
88 53
X
51 25
44 90
86 42
X
50 72
71 52
31 25
X
85 35
96 11
27 82
15 34
92 22
2 0
42 95
X
82 20
X
10 17
X
5 74
X
36 72
66 83
67 39
X
X
23 90
X
X
15 27
X
53 65
X
4 76
28 78
33 66
45 40
71 70
42 36
89 53
33 11
X
X
X
76 87
X
77 17
67 81
1 97
75 33
12 6
6 90
59 96
X
X
X
17 7
61 29
8 49
X
10 67
11 54
27 41
X
X
X
13 61
56 69
13 79
80 65
X
96 45
56 87
X
X
X
93 69
X
X
85 25
13 59
X
X
87 35
X
X
X
9 60
0 68
41 38
X
81 85
47 70
0 15
60 53
X
11 69
X
X
X
35 10
24 6
X
69 90
1 48
X
X
24 84
X
X
33 38
X
X
73 59
X
X
94 59
47 6
X
X
30 86
X
95 77
15 77
X
12 1
27 14
24 59
8 91
X
47 52
X
X
35 49
X
X
50 48
X
29 37
56 31
28 42
X
X
54 1
44 48
X
18 5
X
X
1 72
65 8
61 47
33 87
29 4
18 62
35 39
X
X
43 1
77 89
X
57 23
90 26
X
X
X
27 39
10 32
X
X
3 12
X
28 58
X
X
1 27
X
58 57
76 93
40 12
95 78
35 92
80 54
55 88
X
53 59
40 9
67 45
11 72
40 23
23 37
85 80
X
X
X
X
X
7 4
73 86
75 21
88 2
X
X
23 72
X
39 68
23 75
48 45
X
X
73 95
X
X
9 25
47 60
X
47 59
12 25
79 61
64 72
X
X
39 82
83 67
18 59
X
17 16
X
29 42
23 2
X
58 21
X
0 95
X
98 51
66 66
34 95
11 33
83 38
78 82
X
X
X
76 53
67 22
73 43
18 71
89 62
60 86
97 92
X
X
10 37
X
X
94 55
28 80
82 31
34 88
67 41
X
24 95
X
X
67 77
X
86 41
X
70 46
61 36
X
X
X
X
29 50
78 35
7 10
57 34
X
56 9
23 35
X
43 37
X
91 63
54 86
28 49
58 4
16 81
X
95 47
20 41
91 34
X
X
14 18
84 65
X
X
X
56 94
X
15 64
X
63 7
77 91
21 29
X
X
X
74 92
X
X
26 76
16 92
X
70 80
19 80
X
X
81 96
79 10
94 83
72 72
65 65
86 83
83 40
59 38
18 19
34 65
35 63
X
X
34 41
X
35 19
86 3
70 95
42 24
X
X
36 30
X
72 89
58 85
36 73
32 31
X
15 71
X
42 5
20 58
42 7
0 69
X
37 36
X
84 1
78 14
80 22
24 53
87 46
X
X
27 83
33 26
27 91
X
82 25
X
69 22
90 17
63 75
X
X
X
X
X
X
30 43
X
X
X
X
X
X
96 32
X
X
80 93
53 18
X
11 59
11 61
52 56
71 7
51 4
X
X
93 27
24 75
X
X
76 78
76 24
43 62
28 57
X
5 33
36 86
X
X
X
X
X
60 56
X
15 10
X
64 49
X
52 21
5 20
X
67 74
X
58 80
X
X
X
30 26
X
0 50
X
60 85
72 47
X
53 80
26 78
X
69 83
X
74 87
X
X
X
X
X
8 41
11 86
X
X
21 28
X
X
23 7
X
X
X
87 85
66 40
X
54 63
63 25
50 67
87 49
24 36
X
X
30 30
39 57
X
17 54
85 52
39 45
8 96
47 7
58 26
46 64
10 93
X
X
17 14
28 50
X
87 44
54 83
11 56
X
X
43 94
43 53
X
X
X
X
70 8
3 27
X
15 91
56 29
X
X
51 50
26 73
X
45 37
53 17
53 61
11 8
44 96
77 13
X
36 49
67 55
61 89
31 93
X
X
X
83 94
X
X
68 98
51 34
83 61
7 2
31 2
8 40
70 32
X
94 44
X
69 72
92 92
X
X
X
X
X
56 42
49 57
X
X
88 83
46 21
X
4 51
41 48
0 98
98 50
87 3
79 84
X
98 71
60 71
X
1 64
13 86
83 95
55 82
6 84
X
61 53
5 87
50 62
43 28
79 87
4 49
X
X
X
X
X
62 93
31 57
X
77 45
44 60
X
X
X
74 22
62 25
66 37
X
63 35
65 62
1 68
71 32
X
X
X
13 40
42 63
X
83 86
54 58
X
33 17
5 90
38 31
X
X
X
87 7
7 80
52 18
31 26
27 74
79 75
81 48
27 34
37 66
9 67
63 76
66 34
6 98
5 55
X
15 96
X
X
X
91 16
5 61
80 1
X
45 82
X
87 38
21 72
62 9
X
65 49
X
57 33
13 77
37 92
18 75
X
29 68
X
X
X
X
27 21
25 30
80 92
36 50
X
21 2
13 23
42 78
52 73
84 79
X
X
48 77
X
X
51 51
X
X
X
37 77
30 15
X
12 7
X
81 25
X
X
X
39 21
84 78
28 72
10 21
X
X
39 44
27 58
X
3 32
39 90
83 26
90 0
X
67 57
17 40
X
19 71
68 42
29 97
90 63
8 50
X
17 17
41 57
X
73 35
38 0
55 32
X
25 53
27 64
X
X
67 63
X
X
X
42 10
88 5
X
75 46
98 31
X
X
74 53
X
X
22 30
22 44
36 45
15 53
X
67 70
X
44 50
1 19
77 47
X
X
20 70
52 52
X
81 66
X
22 42
X
38 1
78 31
X
57 51
X
55 46
X
93 78
X
X
X
X
31 86
4 71
76 71
X
20 62
6 42
94 27
X
X
61 85
78 15
20 55
X
6 85
40 60
14 69
X
X
11 22
X
82 48
X
X
91 44
X
44 54
90 46
29 81
41 75
X
32 2
X
X
X
6 26
X
X
75 72
22 13
X
X
65 90
X
5 10
78 79
52 51
65 17
X
X
77 24
X
X
4 94
5 51
X
18 28
X
X
X
53 28
55 79
77 56
91 4
28 91
8 30
X
X
X
X
30 98
39 53
56 33
40 25
10 84
77 67
94 70
X
8 93
86 37
X
96 89
98 68
73 16
17 6
65 69
35 62
87 52
X
X
X
23 47
26 28
27 90
X
X
92 70
27 60
31 71
8 47
X
58 54
22 95
76 28
94 92
74 21
31 32
6 94
59 71
45 24
67 26
86 18
X
X
13 16
48 31
48 60
X
95 70
X
17 96
75 91
38 58
20 72
81 86
X
85 20
X
79 5
37 87
X
48 56
12 46
75 51
69 53
X
20 27
X
X
X
55 85
X
X
46 18
X
14 7
X
X
X
X
X
77 51
38 37
X
93 91
X
90 76
3 30
X
X
46 33
X
71 34
X
X
7 7
33 64
X
X
53 45
X
X
38 68
39 11
X
17 5
53 74
X
91 20
X
X
48 85
52 91
40 77
X
X
87 80
X
61 77
X
10 68
X
98 78
20 14
X
95 64
30 37
65 48
13 87
X
X
63 38
X
2 49
94 37
X
X
90 70
54 90
X
X
6 40
13 14
X
43 59
18 27
X
X
X
X
2 86
75 30
44 58
26 12
88 28
64 96
X
X
X
8 57
X
X
X
21 21
X
4 50
X
X
85 51
X
X
79 14
4 69
X
90 65
13 89
X
49 14
21 17
X
X
20 73
X
33 18
25 84
X
17 91
44 37
96 57
80 30
27 78
62 51
57 90
4 3
50 7
X
74 8
X
97 57
X
61 26
X
X
36 62
X
69 68
X
82 73
13 33
X
X
30 39
41 67
X
95 65
X
X
21 94
74 64
32 3
45 43
8 12
91 98
X
28 83
X
85 16
X
39 51
X
X
14 88
57 73
X
68 24
24 94
X
64 59
19 73
X
X
77 69
X
X
32 41
70 44
62 88
X
X
X
20 42
X
X
38 33
X
94 46
54 21
X
X
X
76 66
36 88
31 92
X
X
95 39
X
31 94
14 19
11 91
97 59
59 66
39 97
51 86
47 28
49 12
X
X
X
91 92
X
86 53
39 17
59 92
X
70 20
X
58 7
X
X
6 21
76 23
X
X
X
86 54
68 80
19 57
X
X
X
95 14
X
X
97 43
79 15
61 65
X
88 41
X
31 39
90 51
41 10
X
X
X
X
87 43
17 84
55 19
X
18 65
