0 0 4 0 1 3 1 0 3 2 1 1 3 0 4 4 0 3 



0 0 3 0 1 2 1 0 1 1 1 3 1 2 1 1 3 1 3 0 2 4 0 1 
1 0 7 
0 0 3 0 1 1 1 0 2 1 1 3 1 2 1 3 0 3 4 0 3 
0 0 3 1 0 2 1 3 4 2 1 4 3 0 3 4 0 4 
0 0 3 1 1 3 1 2 1 3 0 4 4 0 3 
0 0 2 0 1 1 1 0 2 1 1 2 1 2 1 1 3 1 2 1 2 3 0 2 4 0 3 

0 0 5 1 0 4 1 3 3 2 1 1 3 0 4 4 0 5 
0 0 2 0 1 1 1 1 3 1 2 1 2 1 1 3 0 3 4 0 1 
0 0 4 0 1 3 1 0 2 1 3 2 3 0 3 4 0 3 
0 0 4 0 1 1 1 0 3 1 3 5 2 1 4 3 0 4 4 0 4 

0 0 4 1 0 3 1 3 2 3 0 4 4 0 5 
0 0 6 1 0 4 1 3 2 2 1 3 3 0 6 4 0 3 

0 0 2 1 0 2 1 1 4 1 2 1 1 3 2 3 0 2 4 0 1 
0 0 2 0 1 2 1 1 3 1 2 1 3 0 3 3 1 1 4 0 2 
0 0 2 1 0 2 1 1 2 1 2 1 2 0 1 3 0 2 3 1 2 4 0 1 
0 0 3 1 0 3 1 3 4 2 1 4 3 0 4 4 0 2 
0 0 4 0 1 1 1 0 4 1 3 4 2 1 4 3 0 4 4 0 4 

0 0 6 0 1 3 1 0 3 1 3 1 2 1 2 3 0 6 4 0 3 
1 0 5 1 3 3 2 1 7 3 0 16 4 0 8 
0 0 4 0 1 3 1 0 3 1 3 2 3 0 3 4 0 3 
0 0 1 1 0 1 1 1 2 1 2 1 1 3 1 2 0 2 3 0 1 3 1 2 
0 0 3 0 1 3 1 0 3 2 1 3 3 0 3 4 0 3 


0 0 4 0 1 2 1 0 3 1 3 4 2 1 4 3 0 4 4 0 4 

0 0 3 0 1 1 1 0 3 1 3 4 2 1 3 3 0 4 4 0 2 
0 0 3 1 0 1 1 1 3 1 2 2 3 0 4 4 0 3 
0 0 3 0 1 3 1 0 1 1 1 3 1 2 1 2 1 1 3 0 3 4 0 2 
0 0 2 0 1 1 1 0 2 1 1 3 1 2 1 1 3 1 2 1 1 3 0 1 3 1 1 4 0 2 
0 0 3 0 1 3 1 1 3 1 2 1 2 1 1 3 0 3 4 0 2 


0 0 2 0 1 1 1 0 1 1 1 2 2 0 2 3 0 2 3 1 1 4 0 2 
0 0 2 1 0 1 1 1 2 1 2 1 1 3 1 3 0 2 4 0 2 

0 0 3 0 1 2 1 0 2 1 1 4 3 0 3 4 0 1 
0 0 4 0 1 1 1 0 4 1 3 2 2 1 1 3 0 3 4 0 4 
0 0 4 0 1 1 1 0 2 1 3 4 2 1 4 3 0 4 4 0 5 
0 0 5 1 0 4 1 3 3 2 1 1 3 0 3 4 0 5 
0 0 2 1 0 1 1 1 2 1 2 2 1 3 3 2 1 1 3 0 3 4 0 3 



0 0 2 0 1 1 1 0 1 1 1 3 1 2 1 1 3 1 3 0 3 4 0 2 
0 0 4 0 1 4 1 0 3 1 3 2 3 0 3 4 0 4 
0 0 4 0 1 1 1 0 3 1 3 4 2 1 4 3 0 4 4 0 4 
1 0 9 
0 0 5 0 1 2 1 0 2 2 1 1 3 0 5 4 0 5 
0 0 1 1 0 1 1 1 1 1 3 1 1 4 2 2 0 1 3 0 1 3 1 1 4 0 1 
0 0 2 1 0 1 1 1 2 1 2 1 1 3 2 2 1 1 3 0 1 3 1 1 4 0 1 

1 0 7 
0 0 2 0 1 1 1 0 2 1 1 2 1 2 1 2 1 1 3 0 2 4 0 2 
0 0 3 1 0 2 1 1 3 1 2 1 1 3 1 3 0 3 4 0 2 
0 0 4 0 1 1 1 0 3 1 3 4 2 1 4 3 0 4 4 0 3 
0 0 3 0 1 2 1 1 3 1 2 1 2 1 1 3 0 4 4 0 2 

0 0 2 0 1 2 1 0 2 1 1 3 1 3 1 2 1 2 3 0 2 4 0 2 
0 0 2 1 0 2 1 1 2 1 2 1 2 1 1 3 0 2 4 0 2 
0 0 5 0 1 3 1 0 3 2 1 1 3 0 5 4 0 3 

0 0 4 0 1 1 1 0 3 1 3 1 2 1 1 3 0 4 4 0 4 
0 0 4 1 0 2 2 1 1 3 0 4 4 0 4 
0 0 2 0 1 1 1 1 3 1 2 2 1 4 1 2 0 1 3 0 2 3 1 1 


0 0 2 0 1 2 1 0 2 1 1 3 3 0 3 4 0 2 
0 0 5 1 0 5 1 3 3 2 1 1 3 0 4 4 0 2 

0 0 2 0 1 1 1 0 1 1 1 3 1 2 1 3 0 3 4 0 2 


0 0 5 0 1 2 1 0 2 2 1 2 3 0 4 4 0 4 
0 0 5 1 0 4 1 3 1 2 1 2 3 0 6 4 0 5 
0 0 4 1 0 4 1 3 3 2 1 2 3 0 4 4 0 2 
0 0 2 0 1 1 1 0 1 1 1 3 1 2 1 3 0 3 4 0 1 


1 0 8 1 3 37 
0 0 2 1 0 2 1 1 2 1 2 1 1 3 2 2 1 1 3 0 1 4 0 2 
0 0 3 0 1 2 1 1 3 1 2 1 2 1 1 3 0 3 4 0 2 
0 0 5 1 0 2 1 3 4 2 1 4 3 0 3 4 0 5 
0 0 2 1 0 2 1 1 3 1 2 1 3 0 3 4 0 3 
0 0 2 1 0 2 1 1 3 1 2 1 1 3 2 2 1 2 3 0 2 4 0 1 
1 0 8 

0 0 2 1 0 2 1 1 3 1 2 2 1 3 1 2 1 2 3 0 3 4 0 1 
0 0 2 0 1 2 1 0 1 1 1 2 1 2 1 1 3 1 3 0 2 4 0 2 
0 0 3 1 0 5 2 1 1 3 0 5 4 0 3 
0 0 5 0 1 3 1 0 3 1 3 1 2 1 2 3 0 4 4 0 2 

0 0 2 0 1 1 1 0 1 1 1 3 1 2 1 2 0 1 3 0 3 3 1 1 4 0 1 

0 0 5 1 0 4 1 3 2 2 1 2 3 0 3 4 0 4 
0 0 2 0 1 1 1 0 2 1 1 3 1 2 1 1 3 2 2 1 3 3 0 3 4 0 1 
1 0 5 1 3 3 4 0 12 

0 0 1 0 1 1 1 0 1 1 1 3 1 2 1 2 0 1 3 0 2 3 1 2 4 0 1 

0 0 2 1 1 1 1 2 1 1 3 1 2 0 1 2 1 2 3 0 2 3 1 1 4 0 2 

0 0 4 0 1 2 1 0 3 3 0 3 4 0 5 
0 0 3 0 1 1 1 0 1 1 1 3 1 2 1 3 0 2 4 0 2 
1 0 8 

0 0 2 1 0 2 1 1 3 1 2 2 1 3 2 2 1 2 3 0 2 4 0 1 
1 0 5 


0 0 3 1 0 3 1 3 4 3 0 3 4 0 4 

0 0 5 0 1 3 1 0 3 1 3 1 2 1 1 3 0 4 4 0 3 
0 0 2 0 1 1 1 0 2 1 1 3 1 2 1 1 3 2 2 1 3 3 0 3 4 0 2 
0 0 5 1 0 4 1 3 3 2 1 2 3 0 2 4 0 4 
0 0 3 0 1 3 1 0 2 1 1 3 1 2 1 1 3 1 3 0 3 4 0 2 
0 0 2 1 1 2 1 2 1 2 0 1 2 1 1 3 0 3 3 1 2 4 0 1 
0 0 5 1 0 4 1 3 3 3 0 4 4 0 5 
1 0 8 
0 0 3 0 1 2 1 0 1 1 1 4 1 2 1 1 3 1 3 0 4 4 0 1 
0 0 2 1 0 1 1 1 2 1 2 2 1 3 2 2 1 3 3 0 2 4 0 2 

1 0 4 2 1 51 4 0 9 
0 0 5 1 0 4 1 3 1 2 1 1 3 0 4 4 0 5 

0 0 2 0 1 1 1 0 2 1 1 3 1 2 2 1 3 3 2 1 3 3 0 3 4 0 2 

0 0 4 0 1 3 1 0 3 1 3 1 2 1 1 3 0 4 4 0 2 
1 0 5 1 3 36 
1 0 11 
1 0 5 1 3 3 2 1 18 3 0 18 4 0 7 
0 0 3 1 0 2 1 1 3 1 2 2 1 3 2 3 0 2 

0 0 3 1 0 3 1 3 4 2 1 4 3 0 3 4 0 3 
0 0 3 1 0 3 1 3 1 2 1 1 3 0 4 4 0 4 

0 0 5 1 0 3 1 3 2 3 0 3 4 0 5 
0 0 2 0 1 2 1 0 2 1 1 3 1 2 1 1 3 1 3 0 2 4 0 1 

0 0 5 1 0 4 1 3 1 3 0 3 4 0 5 
0 0 2 0 1 2 1 0 2 1 1 3 1 2 1 3 0 3 4 0 2 
0 0 3 1 0 2 1 1 2 1 2 1 1 3 2 2 1 1 3 0 2 4 0 3 
0 0 4 0 1 1 1 0 3 1 3 3 2 1 3 3 0 4 4 0 3 
0 0 3 1 0 2 1 1 2 1 2 1 1 3 1 2 1 1 3 0 1 4 0 2 
0 0 3 0 1 3 1 0 3 2 1 2 3 0 3 4 0 4 

0 0 4 0 1 1 1 0 4 1 3 3 2 1 1 3 0 4 4 0 4 
0 0 4 0 1 3 1 0 3 1 3 2 3 0 2 4 0 3 

0 0 3 0 1 2 1 0 2 1 1 3 1 2 1 3 0 3 4 0 1 

0 0 4 0 1 1 1 0 4 1 3 2 2 1 1 3 0 4 4 0 4 
0 0 3 0 1 1 1 0 3 1 1 3 3 0 4 4 0 3 

0 0 6 1 0 4 1 3 1 2 1 2 3 0 4 4 0 3 
0 0 1 1 1 2 1 2 1 1 3 1 2 0 2 3 0 2 3 1 2 4 0 2 
1 0 3 1 3 9 2 1 51 4 0 11 
0 0 3 1 0 5 1 3 2 3 0 5 4 0 3 
0 0 2 1 0 1 1 1 2 1 2 2 1 3 2 2 1 2 3 0 3 4 0 2 
0 0 3 0 1 1 1 0 2 1 3 3 2 1 3 3 0 3 4 0 3 
0 0 2 0 1 1 1 0 1 1 1 2 1 2 1 3 0 3 4 0 2 
0 0 4 1 0 3 1 3 5 2 1 5 3 0 3 4 0 5 
0 0 2 1 0 1 1 1 2 1 2 1 1 3 2 2 1 2 3 0 1 3 1 2 4 0 1 
0 0 3 1 0 3 1 3 2 2 1 3 3 0 4 4 0 4 
0 0 3 1 0 1 1 1 3 1 2 1 1 3 1 3 0 3 4 0 2 
0 0 2 0 1 2 1 0 2 1 1 3 1 3 1 2 1 2 3 0 2 4 0 2 
1 0 11 
1 0 9 1 3 1 4 0 7 

0 0 4 1 0 3 1 3 3 2 1 1 3 0 3 4 0 4 

0 0 3 0 1 2 1 0 3 1 3 1 2 1 3 3 0 3 4 0 4 
0 0 2 0 1 1 1 0 1 1 1 2 1 2 1 3 0 3 3 1 1 4 0 2 


0 0 5 1 0 4 1 3 2 3 0 2 4 0 5 
0 0 2 1 0 2 1 1 3 1 2 1 1 3 1 2 1 2 3 0 3 4 0 3 
0 0 4 0 1 4 1 0 3 1 3 3 3 0 3 4 0 3 
1 0 8 4 0 9 
1 0 2 1 3 8 2 1 45 4 0 8 

0 0 3 1 0 1 1 1 3 1 2 1 1 3 1 3 0 2 3 1 2 

0 0 3 0 1 2 1 0 1 1 1 3 1 2 1 1 3 2 3 0 3 4 0 1 
0 0 4 1 0 3 1 3 2 2 1 2 3 0 1 4 0 4 

0 0 4 1 0 4 1 3 3 3 0 3 4 0 4 


0 0 3 0 1 1 1 0 1 1 1 3 1 2 2 2 1 1 3 0 3 4 0 1 
0 0 4 1 0 4 1 3 3 2 1 3 4 0 5 
1 0 7 4 0 10 
1 0 9 4 0 9 

0 0 2 0 1 2 1 0 1 1 1 3 1 2 1 1 3 2 3 0 2 4 0 1 
1 0 5 1 3 1 2 1 48 4 0 10 
0 0 3 0 1 2 1 0 3 1 3 2 2 1 3 3 0 2 4 0 4 
0 0 2 0 1 1 1 0 3 1 1 3 3 0 3 4 0 3 
1 0 6 1 3 33 

1 0 8 1 3 20 

0 0 2 0 1 1 1 0 1 1 1 3 1 2 1 2 0 1 3 0 2 3 1 1 4 0 1 

0 0 3 1 0 2 1 1 3 1 2 1 1 3 1 3 0 3 

0 0 4 0 1 1 1 0 3 1 3 3 2 1 1 3 0 3 4 0 3 
0 0 3 0 1 3 1 0 1 1 1 3 1 2 1 1 3 1 3 0 3 4 0 2 
0 0 2 0 1 1 1 0 2 1 1 2 1 3 1 2 1 2 3 0 2 3 1 1 4 0 2 

0 0 4 0 1 3 1 0 3 1 3 2 2 1 1 3 0 3 4 0 2 

0 0 4 0 1 3 1 0 2 1 3 3 3 0 3 4 0 2 
1 0 8 
1 0 5 1 3 30 
0 0 3 1 0 2 1 1 2 1 2 1 1 3 3 2 1 2 3 0 2 4 0 3 
0 0 3 1 0 3 2 1 2 3 0 4 4 0 4 

0 0 4 0 1 3 1 0 2 3 0 2 4 0 4 
1 0 5 
0 0 4 1 0 3 1 3 3 3 0 3 4 0 4 
0 0 2 1 0 1 1 1 2 1 2 2 1 3 2 2 0 1 2 1 2 3 0 1 3 1 1 4 0 1 
0 0 3 0 1 2 1 0 1 1 1 3 1 2 1 1 3 1 3 0 2 
0 0 2 0 1 1 1 0 2 1 1 2 1 2 1 1 3 1 2 1 1 3 0 3 4 0 3 
0 0 2 0 1 1 1 0 2 1 1 2 1 2 1 2 1 2 3 0 2 4 0 3 
0 0 5 1 0 4 1 3 4 2 1 2 3 0 4 4 0 4 
0 0 4 0 1 1 1 0 3 1 3 4 2 1 4 3 0 3 4 0 4 
0 0 3 0 1 2 1 0 1 1 1 3 1 2 1 1 3 2 3 0 3 
0 0 3 0 1 2 1 0 2 1 1 3 1 2 1 3 0 3 4 0 1 


0 0 2 1 0 2 1 1 3 1 2 1 3 0 3 4 0 1 
0 0 4 0 1 1 1 0 4 1 3 3 2 1 1 3 0 3 4 0 3 

0 0 4 1 0 3 1 3 1 2 1 1 3 0 5 4 0 5 
1 0 5 
1 0 1 1 3 7 2 1 47 4 0 11 
1 0 3 1 3 8 2 1 50 4 0 6 
0 0 4 0 1 3 1 0 2 2 1 2 3 0 4 4 0 3 
0 0 2 1 0 1 1 1 2 1 2 1 1 3 1 2 0 2 3 0 3 3 1 2 4 0 1 
0 0 3 0 1 2 1 0 2 1 1 3 2 1 1 3 0 3 4 0 1 
0 0 3 1 0 1 1 1 3 1 2 2 3 0 3 4 0 1 
1 0 7 


0 0 3 0 1 3 1 0 3 2 1 2 3 0 4 4 0 2 
0 0 2 0 1 2 1 0 2 1 1 3 1 2 1 1 3 1 3 0 2 4 0 1 
0 0 2 0 1 1 1 0 2 1 1 4 1 2 2 1 3 2 2 1 3 3 0 3 4 0 1 

0 0 2 0 1 1 1 0 2 1 1 3 1 2 1 1 3 3 2 1 3 3 0 4 4 0 2 
1 0 4 1 3 1 2 1 33 4 0 9 
0 0 2 0 1 1 1 0 1 1 1 2 1 2 1 3 0 3 4 0 2 

0 0 4 0 1 1 1 0 2 1 3 1 3 0 3 4 0 4 

0 0 4 1 0 4 1 3 4 2 1 4 3 0 5 4 0 4 
0 0 4 0 1 4 1 0 4 1 3 3 3 0 2 4 0 2 
1 0 8 

0 0 2 0 1 2 1 0 1 1 1 3 1 2 1 1 3 1 3 0 2 4 0 2 
0 0 3 1 0 3 1 1 2 1 2 1 1 3 2 3 0 2 4 0 3 
0 0 2 1 0 2 1 1 3 1 2 2 1 3 2 2 1 2 3 0 2 4 0 1 

0 0 2 1 0 1 1 1 2 1 2 1 2 1 1 3 0 3 4 0 3 

0 0 3 0 1 1 1 0 1 1 1 3 1 2 1 2 1 1 3 0 3 4 0 1 
0 0 2 1 0 1 1 1 2 1 2 1 1 3 3 2 1 2 3 0 2 4 0 2 

0 0 5 0 1 4 1 0 3 1 3 3 3 0 2 4 0 4 
0 0 3 0 1 1 1 0 4 1 3 4 2 1 4 3 0 4 4 0 3 
0 0 2 0 1 1 1 0 2 1 1 2 1 2 1 1 3 2 2 1 1 3 0 2 4 0 2 
0 0 2 0 1 2 1 0 2 1 1 2 2 1 2 3 0 2 4 0 2 
0 0 2 0 1 1 1 0 1 1 1 3 1 2 2 2 0 1 3 0 2 3 1 1 

0 0 4 1 0 4 1 3 4 2 1 5 3 0 5 4 0 4 
0 0 5 0 1 2 1 0 3 3 0 4 4 0 4 
0 0 2 0 1 1 1 0 1 1 1 2 1 2 1 2 0 1 3 0 2 3 1 1 4 0 1 

1 0 11 
0 0 2 0 1 1 1 0 2 1 1 3 1 2 2 1 3 2 2 1 3 3 0 3 4 0 1 
0 0 2 0 1 2 1 1 2 1 3 1 2 0 1 3 0 2 3 1 2 4 0 1 
0 0 4 0 1 3 1 0 3 1 3 2 2 1 2 3 0 5 4 0 3 
0 0 2 1 0 1 1 1 2 1 2 1 1 3 1 3 0 2 4 0 2 

0 0 4 1 0 1 1 3 3 2 1 3 3 0 3 4 0 4 
1 0 8 
1 0 9 
0 0 2 1 0 3 1 1 2 1 2 1 1 3 2 3 0 2 4 0 2 
0 0 4 0 1 4 1 0 3 1 3 2 3 0 1 4 0 4 
1 0 10 


0 0 3 1 0 3 1 3 2 3 0 3 4 0 4 
0 0 5 1 0 4 1 3 3 2 1 2 3 0 5 4 0 2 
0 0 3 1 0 3 1 3 4 2 1 3 3 0 2 4 0 4 
0 0 2 1 0 1 1 1 3 1 2 2 1 3 2 2 1 2 3 0 3 

1 0 11 
0 0 5 1 0 4 1 3 1 3 0 4 4 0 5 



0 0 2 0 1 2 1 1 2 1 2 1 1 3 1 2 0 1 3 0 2 3 1 1 4 0 1 
0 0 2 0 1 1 1 0 2 1 1 3 3 0 3 4 0 2 
0 0 2 1 0 2 1 1 4 1 2 1 1 3 1 2 0 1 3 0 1 3 1 3 4 0 1 
0 0 2 0 1 2 1 0 2 1 1 3 1 2 1 1 3 1 3 0 3 4 0 1 


0 0 4 1 0 3 1 3 1 3 0 5 4 0 5 
0 0 5 1 0 3 3 0 4 4 0 5 
0 0 4 0 1 3 1 0 3 1 3 3 3 0 2 4 0 2 


0 0 2 1 0 1 1 1 2 1 2 1 2 1 1 3 0 3 4 0 3 

0 0 2 1 1 3 1 2 1 1 3 2 2 1 2 3 0 2 4 0 2 
0 0 3 0 1 1 1 0 2 1 3 2 2 1 3 3 0 3 4 0 3 
0 0 2 0 1 1 1 0 2 1 1 2 1 2 1 1 3 2 2 1 1 3 0 2 4 0 2 
0 0 5 0 1 4 1 0 3 2 1 1 3 0 4 4 0 4 
0 0 2 0 1 2 1 0 1 1 1 2 1 3 1 2 0 1 3 0 2 3 1 1 4 0 1 
0 0 5 0 1 3 1 0 3 3 0 4 4 0 3 
0 0 2 1 0 2 1 1 3 1 2 2 1 3 2 2 1 3 3 0 3 4 0 1 

0 0 4 0 1 1 1 0 4 1 3 2 2 1 1 3 0 3 4 0 4 


0 0 2 1 0 1 1 1 2 1 2 1 1 3 1 3 0 2 3 1 2 4 0 1 
1 0 1 1 3 9 2 1 42 4 0 11 
0 0 2 0 1 1 1 1 2 1 3 1 1 4 1 2 0 1 3 0 2 3 1 1 4 0 1 

1 0 9 

0 0 4 1 0 5 1 3 3 3 0 5 4 0 2 
0 0 5 0 1 4 1 0 2 1 3 2 3 0 3 4 0 5 

0 0 4 0 1 1 1 0 3 1 3 2 2 1 1 3 0 4 4 0 4 
0 0 2 0 1 1 1 0 3 1 1 3 1 2 1 3 0 3 4 0 3 
1 0 10 
0 0 5 1 0 3 1 3 2 2 1 3 3 0 3 4 0 5 
0 0 3 0 1 3 1 0 1 1 1 3 1 2 1 3 0 3 4 0 2 
0 0 4 0 1 2 1 0 2 1 3 2 3 0 4 4 0 4 

0 0 2 0 1 1 1 0 2 1 1 2 1 2 1 1 3 1 2 0 2 2 1 1 3 1 1 4 0 2 
0 0 2 1 0 1 1 1 2 1 2 1 2 0 2 3 0 2 3 1 2 4 0 1 
0 0 3 0 1 2 1 0 1 1 1 3 1 2 1 1 3 2 3 0 3 4 0 1 
0 0 4 1 0 4 1 3 3 2 1 2 3 0 2 4 0 5 
0 0 2 0 1 2 1 0 2 1 1 3 1 2 1 3 0 3 4 0 1 
0 0 5 0 1 3 1 0 3 2 1 1 3 0 5 4 0 5 

0 0 2 0 1 2 1 0 2 1 1 3 1 2 1 1 3 2 3 0 3 4 0 1 

0 0 5 0 1 3 1 0 2 1 3 3 3 0 1 4 0 5 
0 0 3 0 1 3 1 0 2 1 1 3 3 0 4 4 0 2 

0 0 4 1 0 3 2 1 1 3 0 4 4 0 4 


0 0 3 0 1 2 1 0 2 1 1 3 1 2 1 1 3 1 3 0 2 4 0 1 

0 0 5 1 0 4 1 3 4 2 1 1 3 0 2 4 0 4 
0 0 4 0 1 3 1 0 2 1 3 2 3 0 2 4 0 4 
0 0 2 0 1 1 1 0 2 1 1 2 1 3 2 2 0 1 3 0 2 3 1 2 
0 0 4 0 1 3 1 0 2 2 1 1 3 0 4 4 0 5 
0 0 4 0 1 1 1 0 4 1 3 2 2 1 1 3 0 4 4 0 2 
0 0 2 0 1 2 1 0 1 1 1 3 1 2 1 1 3 1 3 0 2 

0 0 2 1 0 2 1 1 3 1 2 1 1 3 1 3 0 3 4 0 3 
1 0 7 1 3 1 2 1 38 4 0 10 
0 0 5 1 0 4 1 3 4 2 1 2 3 0 1 4 0 3 

1 0 7 4 0 10 

1 0 4 1 3 3 2 1 26 4 0 6 




0 0 4 0 1 2 1 0 4 1 3 4 2 1 1 3 0 2 4 0 2 
0 0 4 0 1 1 1 0 3 1 3 1 2 1 3 3 0 2 4 0 5 

0 0 3 1 0 3 1 3 4 2 1 4 3 0 3 4 0 4 
0 0 4 0 1 1 1 0 3 1 3 1 3 0 3 4 0 4 
0 0 4 0 1 3 1 0 3 3 0 3 4 0 3 

0 0 2 0 1 1 1 0 1 1 1 2 1 2 1 2 1 2 3 0 2 4 0 3 
0 0 3 1 0 1 1 1 3 1 2 1 3 0 2 3 1 2 4 0 1 


1 0 10 1 3 27 




1 0 11 
0 0 2 0 1 1 1 1 2 1 2 1 2 0 2 3 0 2 3 1 1 4 0 2 
0 0 3 1 0 1 1 1 3 1 2 1 1 3 1 2 1 1 3 0 4 4 0 3 
0 0 3 0 1 2 1 0 2 1 1 3 1 2 1 1 3 2 3 0 2 4 0 1 
0 0 4 0 1 3 1 0 3 2 1 2 3 0 4 4 0 1 
0 0 3 0 1 1 1 0 1 1 1 3 1 2 1 3 0 3 4 0 2 
0 0 4 1 0 3 1 3 1 2 1 2 3 0 4 4 0 3 
0 0 2 1 0 1 1 1 3 1 2 1 1 3 1 3 0 3 3 1 2 4 0 1 

0 0 5 1 0 3 1 3 5 2 1 4 3 0 2 4 0 5 
0 0 4 0 1 4 1 0 2 1 3 2 3 0 2 4 0 3 
0 0 2 1 0 1 1 1 3 1 2 1 1 3 2 2 1 3 3 0 3 4 0 2 
0 0 4 1 0 3 1 3 4 2 1 4 3 0 3 4 0 3 
0 0 4 0 1 1 1 0 3 1 3 4 2 1 4 3 0 4 4 0 3 
0 0 2 1 0 2 1 1 3 1 2 1 1 3 1 3 0 3 4 0 1 
1 0 5 1 3 2 2 1 41 4 0 10 
0 0 4 0 1 3 1 0 3 1 3 2 3 0 2 4 0 4 
0 0 4 0 1 2 1 0 3 1 3 3 2 1 4 3 0 4 4 0 3 
0 0 2 0 1 1 1 0 1 1 1 3 1 2 1 2 1 1 3 0 2 4 0 1 

0 0 2 1 0 2 1 1 3 1 2 1 1 3 2 2 1 2 3 0 2 4 0 1 
1 0 8 2 1 13 3 0 28 4 0 6 
0 0 2 0 1 2 1 0 2 1 1 2 1 2 1 1 3 1 3 0 2 
1 0 7 
0 0 2 0 1 1 1 0 1 1 1 3 2 1 1 3 0 2 3 1 2 4 0 1 
0 0 4 1 0 2 1 3 3 2 1 4 3 0 4 4 0 3 
0 0 4 1 0 5 1 3 2 2 1 2 3 0 3 4 0 3 
0 0 2 0 1 2 1 0 2 1 1 3 1 3 1 3 0 2 4 0 2 
1 0 9 
0 0 5 0 1 3 1 0 3 1 3 1 2 1 2 3 0 3 4 0 3 
0 0 3 0 1 1 1 0 3 1 3 4 2 1 3 3 0 4 4 0 3 
0 0 4 0 1 1 1 0 4 1 3 1 3 0 4 4 0 5 

0 0 3 1 0 4 1 3 3 2 1 3 3 0 2 4 0 4 

0 0 3 0 1 2 1 0 3 1 3 1 3 0 3 4 0 3 
0 0 5 1 0 4 1 3 1 2 1 2 3 0 5 4 0 1 
0 0 4 1 0 2 1 3 2 3 0 5 4 0 5 
1 0 6 2 1 28 4 0 6 


0 0 5 1 0 4 1 3 4 2 1 2 3 0 4 4 0 3 
0 0 2 1 0 1 1 1 3 1 2 2 1 3 2 2 1 3 3 0 3 4 0 1 
0 0 2 1 0 1 1 1 3 1 2 1 1 3 2 2 1 2 3 0 3 4 0 2 
0 0 4 1 0 3 1 3 4 2 1 3 3 0 3 4 0 5 

0 0 2 1 0 1 1 1 3 1 2 2 1 3 1 3 0 2 4 0 2 

0 0 2 1 0 1 1 1 3 1 2 2 1 3 3 2 1 1 3 0 2 4 0 1 


0 0 2 1 0 2 1 1 3 1 2 1 1 3 1 3 0 2 4 0 2 

0 0 2 1 0 1 1 1 2 1 2 2 1 3 2 2 1 3 3 0 2 4 0 2 
0 0 3 0 1 2 1 0 1 1 1 3 1 2 1 2 1 1 3 0 3 4 0 2 

0 0 2 0 1 1 1 0 2 1 1 3 1 2 1 2 1 1 3 0 2 4 0 2 
1 0 5 1 3 2 2 1 37 4 0 11 
1 0 10 
0 0 4 0 1 1 1 0 3 1 3 2 3 0 2 4 0 5 

0 0 3 0 1 1 1 0 1 1 1 3 1 2 1 3 0 4 4 0 1 
0 0 3 1 0 3 1 2 1 1 3 2 2 1 2 3 0 2 4 0 3 

1 0 7 

0 0 3 0 1 3 1 0 3 1 3 3 2 1 3 3 0 3 4 0 4 
0 0 3 1 0 2 1 1 2 1 3 1 2 1 2 3 0 2 4 0 2 


0 0 3 1 0 3 1 3 4 2 1 4 3 0 4 4 0 4 
1 0 6 1 3 17 


1 0 2 1 3 8 2 1 45 4 0 7 

0 0 1 1 1 2 1 2 1 1 3 1 1 4 2 2 0 1 3 0 2 3 1 2 4 0 2 

0 0 3 0 1 2 1 0 2 1 1 3 1 2 1 1 3 1 3 0 2 4 0 1 



1 0 5 2 1 22 3 0 13 4 0 7 

0 0 3 1 0 2 1 1 3 1 2 1 1 3 1 3 0 3 4 0 2 
0 0 1 1 0 1 1 1 2 1 2 2 1 3 2 2 1 2 3 0 2 3 1 2 4 0 1 
0 0 3 0 1 2 1 0 3 1 3 3 2 1 3 3 0 3 4 0 3 
0 0 4 0 1 3 1 0 3 3 0 3 4 0 4 
1 0 5 1 3 3 2 1 37 4 0 8 
0 0 4 1 0 4 1 3 2 2 1 1 3 0 4 4 0 4 
0 0 3 1 0 2 1 1 2 1 2 1 1 3 3 2 1 1 3 0 3 4 0 3 
0 0 3 1 0 4 1 3 1 2 1 3 3 0 4 4 0 4 

0 0 5 0 1 4 1 0 3 1 3 1 3 0 1 4 0 4 
0 0 4 1 0 2 1 3 2 3 0 3 4 0 5 
0 0 2 0 1 1 1 0 1 1 1 1 1 3 1 2 0 2 3 0 2 3 1 1 4 0 2 
0 0 2 1 0 1 1 1 2 1 3 2 3 0 2 3 1 1 4 0 2 

0 0 2 0 1 1 1 0 3 1 1 2 1 3 2 2 1 2 3 0 2 4 0 2 
0 0 2 0 1 1 1 0 2 1 1 3 1 2 1 3 0 2 4 0 1 
0 0 2 1 0 2 1 1 2 1 2 2 1 3 3 2 1 2 3 0 3 4 0 1 
0 0 2 0 1 2 1 0 1 1 1 3 1 2 1 3 0 3 4 0 1 
0 0 2 0 1 1 1 0 1 1 1 3 2 0 1 3 0 2 3 1 1 4 0 1 
0 0 3 0 1 2 1 0 1 1 1 3 1 2 1 3 0 3 4 0 2 
0 0 4 0 1 1 1 0 4 1 3 1 3 0 4 4 0 5 
0 0 2 1 0 2 1 1 3 1 2 1 3 0 3 4 0 3 

0 0 2 0 1 2 1 1 2 1 2 1 2 0 1 3 0 1 3 1 1 4 0 1 
0 0 3 0 1 1 1 0 1 1 1 2 1 3 1 2 1 1 3 0 1 4 0 2 
0 0 2 1 0 1 1 1 2 1 2 2 1 3 3 2 1 3 3 0 2 4 0 2 
0 0 1 1 0 1 1 1 2 2 0 2 2 1 1 3 0 1 3 1 1 4 0 2 




0 0 3 0 1 2 1 0 1 1 1 3 1 2 1 3 0 3 4 0 2 
0 0 3 0 1 3 1 0 3 1 3 2 3 0 3 4 0 3 




0 0 4 0 1 4 1 0 3 1 3 1 3 0 3 4 0 4 
0 0 3 1 0 1 1 1 3 1 2 1 3 0 3 4 0 2 

0 0 4 1 0 4 1 3 1 3 0 3 4 0 3 
0 0 3 1 0 1 1 1 3 1 2 1 3 0 3 4 0 3 
0 0 2 0 1 2 1 0 1 1 1 2 1 3 1 1 4 1 2 0 1 3 0 1 3 1 1 
0 0 4 1 0 5 1 3 4 3 0 5 4 0 3 
0 0 3 1 0 3 1 1 2 1 2 1 1 3 1 2 1 1 3 0 1 4 0 2 
0 0 3 0 1 2 1 0 2 1 1 3 2 1 1 3 0 3 4 0 1 
1 0 5 1 3 2 2 1 46 4 0 8 
0 0 2 1 0 1 1 1 2 1 2 2 1 3 2 2 1 2 3 0 3 3 1 2 4 0 2 
0 0 1 1 0 1 1 1 1 1 2 1 1 3 2 2 0 1 2 1 2 3 0 2 3 1 2 
0 0 2 0 1 2 1 0 1 1 1 2 1 3 2 2 0 1 3 0 1 3 1 1 
0 0 2 1 0 2 1 1 3 1 2 1 2 1 1 3 0 3 4 0 2 
0 0 3 0 1 2 1 0 2 1 1 3 1 3 1 3 0 2 4 0 2 
0 0 5 1 0 4 1 3 1 2 1 1 3 0 3 4 0 5 
0 0 4 1 0 4 1 3 4 2 1 4 3 0 4 4 0 3 
1 0 10 

0 0 5 1 0 1 1 3 4 2 1 4 3 0 3 4 0 5 
0 0 4 0 1 1 1 0 4 1 3 3 2 1 1 3 0 3 4 0 4 
0 0 4 0 1 3 1 0 2 2 1 1 3 0 4 4 0 5 


0 0 3 0 1 2 1 0 3 1 3 1 2 1 2 3 0 2 4 0 4 

1 0 7 2 1 19 3 0 29 4 0 6 
0 0 2 0 1 1 1 0 1 1 1 3 1 2 1 2 1 1 3 0 3 3 1 2 4 0 1 

0 0 2 1 0 2 1 1 3 1 2 1 1 3 1 3 0 2 4 0 2 
1 0 9 1 3 20 
1 0 10 

0 0 4 1 0 3 1 3 1 2 1 1 3 0 3 4 0 5 

0 0 1 1 0 1 1 1 2 1 2 1 1 3 2 2 0 1 2 1 2 3 0 2 3 1 1 4 0 1 
0 0 2 0 1 2 1 0 1 1 1 2 1 3 2 2 0 1 3 0 1 3 1 1 4 0 1 
0 0 5 0 1 3 1 0 1 3 0 4 4 0 5 
0 0 4 1 0 4 1 3 3 2 1 1 3 0 4 4 0 4 
0 0 4 0 1 1 1 0 3 1 3 2 2 1 2 3 0 2 4 0 5 

1 0 11 
0 0 2 1 0 1 1 1 2 1 2 2 1 3 2 2 1 2 3 0 2 3 1 2 4 0 1 


0 0 5 0 1 4 1 0 3 1 3 1 3 0 2 4 0 5 

0 0 2 1 0 2 1 1 2 1 2 1 1 3 3 2 1 1 3 0 2 4 0 2 
0 0 2 0 1 1 1 0 2 1 1 3 1 2 2 1 3 2 2 1 3 3 0 3 4 0 2 
1 0 6 4 0 12 
0 0 2 0 1 1 1 0 1 1 1 2 1 3 1 1 4 1 2 0 1 2 1 1 3 0 1 3 1 1 4 0 1 
0 0 4 1 0 4 1 3 2 3 0 3 4 0 3 

0 0 3 0 1 2 1 1 3 1 3 2 3 0 3 4 0 2 

0 0 2 0 1 2 1 0 1 1 1 3 1 2 1 1 3 1 3 0 2 4 0 1 



0 0 2 1 0 2 1 1 3 1 2 2 1 3 3 2 1 3 3 0 2 4 0 1 

0 0 3 0 1 1 1 0 2 1 1 3 1 2 1 1 3 1 3 0 3 4 0 1 
0 0 4 1 0 5 1 3 3 3 0 5 4 0 3 
1 0 10 

0 0 3 0 1 3 1 0 3 1 3 3 2 1 3 3 0 2 4 0 4 
1 0 6 1 3 35 

0 0 2 0 1 1 1 0 1 1 1 2 1 2 1 2 0 1 3 0 2 3 1 1 4 0 1 
0 0 5 0 1 4 1 0 3 1 3 2 3 0 1 4 0 4 
0 0 4 1 0 4 1 2 2 1 3 4 2 1 4 3 0 4 4 0 2 

0 0 4 0 1 1 1 0 4 1 3 1 3 0 3 4 0 5 
0 0 3 1 0 2 1 1 3 1 2 1 3 0 3 4 0 2 


0 0 3 0 1 2 1 0 2 1 1 3 1 2 1 1 3 2 3 0 2 

0 0 2 0 1 1 1 0 1 1 1 2 2 1 1 3 0 2 3 1 1 4 0 2 
0 0 1 1 0 1 1 1 2 1 2 1 2 0 2 3 0 1 3 1 2 4 0 2 
0 0 3 1 0 2 1 1 2 1 2 1 1 3 3 2 1 2 3 0 2 4 0 2 
0 0 4 1 0 3 1 3 4 2 1 4 3 0 4 4 0 5 

0 0 2 0 1 2 1 0 2 1 1 3 1 2 1 1 3 1 3 0 2 4 0 1 


0 0 3 0 1 2 1 0 4 1 3 2 2 1 3 3 0 1 4 0 4 
0 0 2 0 1 1 1 0 1 1 1 3 1 2 1 2 0 1 2 1 1 3 0 2 3 1 1 
0 0 2 0 1 1 1 1 2 1 2 1 2 0 1 3 0 2 3 1 1 4 0 2 


0 0 2 1 0 2 1 1 2 1 2 1 1 3 1 2 1 2 3 0 3 3 1 1 4 0 3 
0 0 2 0 1 1 1 0 2 1 1 3 1 2 1 3 0 3 

0 0 5 1 0 2 1 3 4 2 1 3 3 0 4 4 0 5 
0 0 2 0 1 2 1 1 3 1 2 2 3 0 3 4 0 2 
0 0 3 0 1 2 1 0 2 1 1 3 2 1 1 3 0 3 4 0 2 
0 0 2 0 1 1 1 0 1 1 1 2 1 3 1 2 0 2 2 1 1 3 0 2 3 1 1 4 0 2 

0 0 2 0 1 1 1 0 3 1 1 3 3 0 3 4 0 2 

0 0 5 1 0 2 1 3 4 2 1 3 3 0 3 4 0 5 
0 0 4 0 1 4 1 0 3 1 3 3 3 0 3 4 0 3 
0 0 3 0 1 2 1 0 2 1 1 3 1 2 1 3 0 3 4 0 1 
0 0 2 1 0 1 1 1 2 1 2 2 1 3 2 2 1 2 3 0 2 4 0 1 
0 0 5 1 0 4 1 3 4 2 1 2 3 0 2 4 0 4 
0 0 4 1 0 3 2 1 3 3 0 4 4 0 4 
0 0 4 1 0 4 1 2 1 1 3 2 3 0 3 4 0 3 

0 0 2 0 1 3 1 0 2 1 1 3 1 2 1 1 3 2 3 0 2 4 0 1 
0 0 2 1 0 1 1 1 2 1 2 1 1 3 2 2 0 1 3 0 1 3 1 2 4 0 1 

0 0 2 0 1 2 1 0 2 1 1 2 1 2 1 1 3 2 2 1 2 3 0 2 4 0 2 
0 0 1 0 1 1 1 0 1 1 1 2 2 0 1 3 0 2 3 1 1 4 0 1 
1 0 4 1 3 31 
0 0 2 1 0 1 1 1 2 1 2 2 1 3 2 2 1 2 3 0 3 4 0 2 
0 0 2 0 1 2 1 1 2 3 0 2 3 1 2 4 0 1 

0 0 3 0 1 1 1 0 3 2 1 1 3 0 4 4 0 4 
0 0 4 1 0 4 1 3 2 2 1 1 3 0 4 4 0 3 
0 0 4 1 0 4 3 0 2 4 0 5 


0 0 2 1 0 2 1 1 2 1 2 1 1 3 2 2 1 2 3 0 2 4 0 1 
0 0 3 0 1 2 1 0 2 1 1 3 1 2 1 1 3 2 3 0 3 
1 0 6 1 3 1 2 1 17 3 0 36 4 0 6 

0 0 2 1 0 1 1 1 2 1 2 2 1 3 1 2 1 3 3 0 3 4 0 3 
0 0 4 1 0 3 1 3 2 3 0 4 4 0 2 
0 0 2 0 1 2 1 0 2 1 1 3 1 2 1 3 0 3 4 0 1 
0 0 2 1 0 1 1 1 2 1 2 2 1 3 2 2 0 1 2 1 2 3 0 1 3 1 1 

0 0 2 1 0 2 1 1 4 1 2 1 1 3 1 2 0 1 3 0 2 3 1 3 4 0 1 



0 0 5 0 1 4 1 0 2 1 3 1 3 0 4 4 0 5 
0 0 5 0 1 1 1 0 2 1 2 2 3 0 3 4 0 5 

0 0 3 0 1 1 1 0 3 1 1 1 1 2 1 2 1 1 3 0 3 4 0 2 

0 0 3 1 0 2 1 1 3 1 2 1 3 0 3 4 0 1 
0 0 2 0 1 1 1 0 1 1 1 3 1 2 2 3 0 3 4 0 1 
1 0 9 


0 0 4 0 1 3 1 0 2 1 3 1 3 0 3 4 0 4 
0 0 2 0 1 1 1 0 2 1 1 2 1 2 1 2 1 2 3 0 2 4 0 2 
0 0 2 0 1 1 1 0 2 1 1 3 1 2 2 1 3 2 2 1 3 3 0 3 
0 0 2 0 1 2 1 0 1 1 1 3 1 2 1 3 0 3 4 0 1 
0 0 4 1 0 4 1 3 3 2 1 1 3 0 4 4 0 4 
0 0 4 1 0 3 1 3 4 2 1 4 3 0 3 4 0 4 

0 0 3 0 1 2 1 0 2 1 1 3 2 1 2 3 0 2 4 0 2 
0 0 2 0 1 3 1 0 1 1 1 3 3 0 3 4 0 2 

0 0 4 1 0 4 1 3 4 2 1 4 3 0 4 4 0 2 

0 0 4 1 0 4 1 3 2 3 0 4 4 0 4 
0 0 4 1 0 3 1 3 4 2 1 4 3 0 3 4 0 4 
0 0 3 0 1 2 1 0 1 1 1 3 1 2 1 3 0 3 4 0 2 
0 0 3 0 1 2 1 0 2 1 1 3 1 2 1 1 3 1 3 0 3 4 0 1 



0 0 3 0 1 2 1 0 3 1 3 2 2 1 2 3 0 2 4 0 3 
0 0 5 1 0 4 1 3 2 2 1 3 3 0 4 4 0 5 
0 0 2 0 1 1 1 0 2 1 1 2 1 2 1 1 3 1 2 1 1 3 0 2 4 0 2 
0 0 5 0 1 3 1 0 4 1 3 1 2 1 2 3 0 5 4 0 1 
0 0 2 0 1 2 1 0 2 1 1 3 1 2 1 1 3 2 3 0 2 4 0 1 
0 0 2 0 1 1 1 0 2 1 1 2 1 2 1 1 3 1 2 1 2 3 0 2 4 0 2 

1 0 4 
0 0 3 0 1 2 1 0 2 1 1 3 1 2 1 3 0 3 4 0 1 
0 0 4 0 1 2 1 0 4 1 3 1 2 1 2 3 0 2 4 0 4 
0 0 2 0 1 2 1 1 2 2 0 1 3 0 2 3 1 2 4 0 1 

0 0 4 1 0 4 2 1 3 3 0 5 4 0 3 
1 0 7 2 1 55 4 0 9 

0 0 4 1 0 4 1 3 3 2 1 3 3 0 3 4 0 4 

0 0 4 0 1 1 1 0 2 1 3 4 2 1 3 3 0 3 4 0 2 
0 0 4 0 1 3 1 0 3 2 1 2 3 0 4 4 0 2 
0 0 3 1 1 3 1 2 2 1 3 2 2 1 3 3 0 3 4 0 3 
0 0 5 0 1 1 1 0 5 1 3 2 2 1 1 3 0 3 4 0 1 
0 0 5 1 0 4 1 3 2 2 1 1 3 0 4 4 0 4 
0 0 3 0 1 2 1 0 2 1 1 3 1 2 1 3 0 3 4 0 1 

0 0 5 0 1 1 1 0 5 1 3 2 2 1 1 3 0 3 4 0 3 
0 0 3 0 1 2 1 0 2 1 1 3 1 2 1 1 3 1 3 0 3 

0 0 3 0 1 3 1 0 2 1 2 1 1 3 1 3 0 3 4 0 3 
1 0 6 1 3 3 4 0 7 

0 0 5 0 1 4 1 0 3 1 3 3 2 1 1 3 0 3 4 0 3 
1 0 9 

1 0 8 

0 0 3 0 1 3 1 0 1 1 1 3 1 2 1 1 3 2 3 0 3 4 0 1 
1 0 5 2 1 38 4 0 11 
0 0 2 0 1 2 1 0 1 1 1 3 1 2 2 3 0 3 4 0 1 
0 0 2 1 0 2 1 1 3 2 1 2 3 0 3 4 0 2 

0 0 3 0 1 2 1 0 2 1 1 3 1 3 1 3 0 2 4 0 1 
0 0 4 1 0 3 1 3 3 2 1 3 3 0 3 4 0 4 
0 0 4 0 1 3 1 0 2 1 3 1 2 1 1 3 0 4 4 0 4 
0 0 4 0 1 1 1 0 4 1 3 2 3 0 2 4 0 5 
0 0 2 0 1 2 1 0 1 1 1 3 1 2 1 2 1 1 3 0 3 4 0 1 
0 0 5 1 0 5 1 3 2 2 1 1 3 0 4 4 0 2 

0 0 4 0 1 1 1 0 3 1 3 4 2 1 4 3 0 4 4 0 3 


0 0 3 1 0 2 1 1 2 1 2 1 1 3 3 2 1 1 3 0 1 4 0 2 
1 0 2 1 3 10 2 1 41 4 0 9 
1 0 10 
0 0 3 0 1 2 1 0 4 1 3 2 2 1 2 3 0 3 4 0 4 
0 0 2 0 1 1 1 0 1 1 1 3 1 2 1 1 3 1 3 0 3 4 0 1 

0 0 2 0 1 1 1 0 1 1 1 2 2 0 1 3 0 2 3 1 1 4 0 1 



0 0 3 1 0 2 1 1 3 1 2 1 1 3 2 2 1 1 3 0 3 

0 0 3 0 1 1 1 0 3 1 3 4 2 1 2 3 0 3 4 0 3 

0 0 1 0 1 1 1 1 2 1 2 1 2 0 1 3 0 2 3 1 2 4 0 1 
0 0 4 1 0 3 1 3 1 2 1 1 3 0 4 4 0 3 
1 0 6 
1 0 7 1 3 4 2 1 56 4 0 11 

0 0 3 0 1 1 1 0 2 1 1 2 1 3 1 2 1 2 3 0 2 4 0 2 
0 0 2 1 1 3 1 2 1 2 0 2 3 0 2 3 1 1 4 0 1 

0 0 3 0 1 1 1 0 3 1 3 2 2 1 1 3 0 3 4 0 4 
0 0 3 1 0 3 1 3 4 2 1 4 3 0 3 4 0 3 
0 0 2 0 1 2 1 0 1 1 1 3 1 2 1 3 0 2 4 0 1 

0 0 3 0 1 3 1 0 1 1 1 3 1 2 1 1 3 2 3 0 3 4 0 1 

0 0 4 1 0 4 1 3 1 3 0 4 4 0 4 
0 0 4 0 1 1 1 0 3 1 3 2 3 0 4 4 0 2 
0 0 4 0 1 1 1 0 3 1 3 3 2 1 1 3 0 3 4 0 3 
0 0 2 0 1 1 1 0 2 1 1 2 1 2 1 1 3 1 2 1 1 3 0 2 4 0 2 
0 0 1 0 1 1 1 0 1 1 1 2 1 3 1 2 0 1 2 1 1 3 0 1 3 1 1 4 0 2 

0 0 2 0 1 1 1 0 2 1 1 3 3 0 3 4 0 3 
0 0 2 0 1 1 1 0 2 1 1 2 1 3 1 2 0 2 2 1 1 3 0 2 3 1 1 4 0 2 

0 0 4 0 1 1 1 0 3 1 3 3 2 1 4 3 0 4 4 0 4 

0 0 5 0 1 1 1 0 4 1 3 2 2 1 2 3 0 2 4 0 5 
0 0 3 0 1 2 1 0 2 1 1 3 1 2 1 1 3 2 3 0 2 

0 0 2 0 1 1 1 0 2 1 1 3 1 2 1 2 1 2 3 0 2 4 0 2 
0 0 3 1 0 1 1 1 3 1 2 1 3 0 3 3 1 2 
0 0 5 0 1 1 1 0 4 1 3 3 2 1 2 3 0 2 4 0 4 
0 0 2 0 1 1 1 0 2 1 1 2 1 2 1 1 3 1 2 0 1 2 1 2 3 0 1 3 1 1 4 0 1 

1 0 7 2 1 33 4 0 10 
0 0 3 0 1 2 1 0 3 1 3 2 2 1 2 3 0 2 4 0 4 

0 0 3 0 1 2 1 0 2 1 1 3 1 2 1 3 0 4 
0 0 4 0 1 3 1 0 2 1 2 1 3 0 2 4 0 3 

0 0 2 0 1 1 1 0 2 1 1 2 1 3 1 2 1 3 3 0 3 4 0 2 
0 0 2 1 0 1 1 1 2 1 2 2 1 3 2 2 0 1 2 1 2 3 0 2 3 1 1 4 0 2 
0 0 2 1 1 1 1 2 1 1 3 2 1 4 1 2 0 1 3 0 2 3 1 1 4 0 2 


0 0 2 0 1 2 1 0 1 1 1 2 1 2 1 1 3 2 2 0 1 3 0 2 3 1 2 
0 0 2 1 0 1 1 1 2 1 2 1 1 3 2 3 0 2 4 0 2 

0 0 5 1 0 2 1 3 4 2 1 4 3 0 4 4 0 5 

0 0 4 0 1 1 1 0 2 1 3 4 2 1 4 3 0 4 4 0 3 
0 0 2 0 1 2 1 1 2 1 3 1 2 0 1 3 0 2 3 1 1 4 0 2 
0 0 4 1 0 3 1 2 1 3 0 4 4 0 3 
0 0 2 0 1 1 1 0 1 1 1 2 1 2 1 2 0 1 3 0 2 3 1 1 


0 0 3 1 0 3 1 3 4 2 1 3 3 0 3 4 0 3 
0 0 3 0 1 1 1 0 2 1 3 3 2 1 3 3 0 4 4 0 2 
0 0 2 1 0 1 1 1 2 1 2 2 1 3 3 2 1 3 3 0 3 4 0 3 
1 0 10 

0 0 4 0 1 1 1 0 4 1 3 1 3 0 3 4 0 4 

1 0 9 

0 0 3 0 1 1 1 0 1 1 1 3 1 2 2 1 3 1 3 0 3 4 0 2 


0 0 3 0 1 2 1 1 3 1 2 1 2 1 1 3 0 3 4 0 2 
0 0 6 0 1 3 1 0 3 2 1 1 3 0 4 4 0 4 
1 0 8 1 3 37 
0 0 2 0 1 2 1 0 1 1 1 3 1 2 1 1 3 1 3 0 2 4 0 2 
1 0 8 





0 0 2 1 1 2 1 2 2 1 3 3 2 1 2 3 0 3 3 1 1 4 0 3 
1 0 8 1 3 2 4 0 9 
0 0 5 1 0 3 2 1 2 3 0 3 4 0 5 
0 0 4 1 0 3 1 3 4 2 1 4 3 0 4 4 0 4 
0 0 3 1 0 2 1 1 4 1 2 2 1 3 1 3 0 3 4 0 1 
0 0 1 1 1 2 1 2 1 1 3 2 1 4 1 2 0 1 2 1 2 3 0 2 3 1 1 4 0 1 
0 0 4 0 1 2 1 0 3 3 0 4 4 0 4 

0 0 2 1 0 2 1 1 2 1 2 2 1 3 2 2 1 2 3 0 2 4 0 2 
1 0 7 1 3 28 
0 0 4 1 0 4 1 3 3 3 0 4 4 0 4 
1 0 4 2 1 24 4 0 7 
0 0 2 0 1 2 1 0 2 1 1 3 3 0 3 4 0 2 
0 0 1 0 1 2 1 0 1 1 1 2 2 0 1 3 0 1 3 1 2 4 0 1 

0 0 2 1 1 1 1 2 1 1 3 2 2 0 1 2 1 1 3 0 2 3 1 1 
0 0 3 0 1 1 1 0 1 1 1 3 1 2 1 2 1 1 3 0 3 4 0 2 

0 0 5 0 1 4 1 0 3 3 0 2 4 0 4 
1 0 2 1 3 7 2 1 23 4 0 8 


0 0 3 1 0 2 1 1 3 1 2 1 1 3 1 3 0 3 4 0 2 
0 0 2 0 1 1 1 1 2 1 2 1 2 0 1 3 0 2 3 1 1 4 0 2 

0 0 3 1 0 2 1 1 3 1 2 2 1 3 2 2 1 3 3 0 3 4 0 2 
0 0 2 0 1 1 1 0 2 1 1 3 1 2 1 1 3 3 2 1 1 3 0 2 4 0 2 
0 0 4 1 0 3 1 3 5 2 1 5 3 0 5 4 0 5 

0 0 3 0 1 2 1 0 1 1 1 4 1 2 1 1 3 1 3 0 4 4 0 1 
1 0 7 2 1 21 4 0 8 


0 0 5 0 1 4 1 0 3 1 3 1 2 1 1 3 0 5 4 0 3 
0 0 4 0 1 3 1 0 2 1 3 2 2 1 1 3 0 4 4 0 3 

0 0 4 0 1 3 1 0 3 1 3 3 3 0 3 4 0 4 
0 0 4 0 1 2 1 0 3 1 3 4 2 1 4 3 0 4 4 0 2 
0 0 2 0 1 1 1 0 2 1 1 2 1 2 1 1 3 1 2 1 1 3 0 2 4 0 2 
0 0 1 1 1 1 1 2 1 1 3 2 1 4 1 2 0 1 2 1 2 3 0 2 3 1 1 4 0 1 
1 0 9 1 3 29 
0 0 3 1 0 1 1 1 2 1 2 1 2 1 1 3 0 3 4 0 2 
0 0 4 0 1 3 1 0 3 1 2 1 1 3 1 2 1 1 3 0 4 4 0 4 
0 0 2 1 0 2 1 1 3 1 2 1 1 3 1 3 0 1 4 0 2 
1 0 6 1 3 2 4 0 11 

1 0 7 

0 0 2 1 0 1 1 1 2 1 2 2 1 3 2 2 1 2 3 0 2 4 0 2 

0 0 4 1 0 4 1 3 2 2 1 1 3 0 4 4 0 4 
0 0 5 1 0 4 1 3 4 2 1 1 3 0 3 4 0 3 
0 0 2 0 1 1 1 0 2 1 1 2 1 3 1 2 0 1 2 1 1 3 0 2 3 1 1 4 0 2 
0 0 6 0 1 2 1 0 3 1 3 1 2 1 2 3 0 4 4 0 3 



0 0 3 0 1 3 1 0 1 1 1 3 2 1 1 3 0 3 4 0 2 
0 0 3 1 0 1 1 1 3 3 0 2 4 0 2 
0 0 4 0 1 3 1 0 3 2 1 2 3 0 3 4 0 3 
0 0 5 1 0 4 1 3 4 2 1 1 3 0 3 4 0 4 
0 0 2 1 1 3 1 2 2 1 3 2 2 1 2 3 0 2 4 0 2 
0 0 3 0 1 3 1 0 1 1 1 3 1 2 1 1 3 2 3 0 3 4 0 1 
1 0 9 
0 0 2 1 0 1 1 1 3 1 2 1 3 0 3 3 1 2 4 0 1 
0 0 1 1 0 1 1 1 2 1 2 1 1 3 1 1 4 2 2 0 1 3 0 1 3 1 2 4 0 1 
0 0 3 1 0 3 1 3 4 2 1 4 3 0 4 4 0 2 
0 0 2 1 0 1 1 1 2 1 2 1 1 3 2 2 1 2 3 0 3 4 0 1 
0 0 3 0 1 1 1 0 4 1 3 2 2 1 3 3 0 2 4 0 4 
0 0 4 0 1 4 1 0 3 1 3 3 2 1 1 3 0 2 4 0 3 
0 0 2 0 1 1 1 0 2 1 1 2 1 2 1 1 3 1 2 1 2 3 0 2 4 0 2 
0 0 4 0 1 1 1 0 4 1 3 2 2 1 3 3 0 1 4 0 5 
0 0 3 0 1 4 1 0 3 1 3 3 2 1 1 3 0 3 4 0 2 
0 0 3 1 0 3 1 3 4 2 1 4 3 0 3 4 0 3 
0 0 4 0 1 1 1 0 4 1 3 2 2 1 1 3 0 4 4 0 3 
0 0 4 1 0 3 1 3 2 2 1 1 3 0 3 4 0 4 

1 0 9 


0 0 2 0 1 2 1 0 3 1 1 2 1 3 1 2 1 2 3 0 3 4 0 3 
0 0 3 0 1 2 1 0 2 1 1 3 1 2 1 1 3 2 3 0 2 


0 0 3 1 0 4 1 3 1 2 1 4 3 0 4 4 0 4 


0 0 4 1 0 4 1 3 3 3 0 3 4 0 5 
0 0 3 1 0 3 1 3 3 2 1 4 3 0 3 4 0 4 
0 0 1 1 0 1 1 1 2 1 3 1 2 0 2 2 1 1 3 0 1 3 1 1 4 0 2 


0 0 5 0 1 3 1 0 3 1 3 2 2 1 2 3 0 4 4 0 3 


0 0 2 0 1 1 1 1 2 1 2 1 2 0 1 3 0 2 3 1 2 4 0 1 


0 0 4 1 0 3 1 3 4 2 1 4 3 0 4 4 0 5 

0 0 4 0 1 1 1 0 3 1 3 4 2 1 3 3 0 3 4 0 3 

0 0 5 1 0 4 1 3 3 3 0 4 4 0 5 
0 0 5 0 1 1 1 0 3 2 1 2 3 0 3 4 0 5 

0 0 4 1 0 4 1 3 4 2 1 4 3 0 4 4 0 3 

0 0 2 0 1 2 1 0 1 1 1 2 1 2 1 1 3 1 3 0 3 4 0 1 
0 0 2 1 0 1 1 1 2 2 0 2 2 1 1 3 0 1 3 1 1 4 0 2 
0 0 3 0 1 1 1 0 1 1 1 3 1 2 1 1 3 1 3 0 3 4 0 2 
0 0 2 0 1 1 1 0 1 1 1 3 1 2 2 1 3 1 3 0 3 4 0 2 

0 0 2 0 1 2 1 0 1 1 1 3 1 2 1 3 0 2 4 0 1 
0 0 2 1 0 1 1 1 2 1 2 1 1 3 2 2 0 1 2 1 2 3 0 2 3 1 1 4 0 1 
0 0 3 0 1 1 1 0 4 2 1 1 3 0 4 4 0 4 
0 0 5 0 1 3 1 0 3 3 0 4 4 0 4 



0 0 4 0 1 1 1 0 3 1 3 3 2 1 2 3 0 2 4 0 4 
0 0 2 0 1 2 1 1 2 3 0 2 3 1 2 4 0 2 

0 0 3 0 1 3 1 0 3 1 3 3 2 1 1 3 0 3 4 0 2 
0 0 2 0 1 1 1 0 2 1 1 2 1 2 1 1 3 2 2 1 2 3 0 2 4 0 3 
0 0 4 0 1 2 1 0 3 1 3 2 3 0 4 4 0 3 
0 0 4 1 0 3 1 3 5 2 1 5 3 0 3 4 0 4 

0 0 5 0 1 3 1 0 3 1 3 1 2 1 1 3 0 4 4 0 5 


0 0 5 0 1 4 1 0 2 1 3 1 3 0 2 4 0 4 
0 0 2 0 1 2 1 1 2 1 2 1 1 3 1 3 0 2 4 0 2 
0 0 5 1 0 3 1 3 4 2 1 4 3 0 4 4 0 5 
0 0 2 1 0 2 1 1 3 1 2 1 1 3 2 2 1 3 3 0 3 4 0 2 
0 0 5 0 1 4 1 0 3 1 3 4 2 1 1 3 0 2 4 0 4 
0 0 2 0 1 1 1 1 2 1 2 1 2 0 1 3 0 1 3 1 1 4 0 1 



1 0 7 1 3 37 

0 0 5 1 0 4 1 3 4 2 1 1 3 0 4 4 0 4 

0 0 2 0 1 1 1 0 1 1 1 2 1 3 1 2 1 2 3 0 1 3 1 2 4 0 2 
0 0 2 0 1 1 1 1 2 1 2 1 3 0 3 3 1 1 4 0 2 
1 0 5 1 3 35 




0 0 4 0 1 1 1 0 2 1 3 3 2 1 3 3 0 4 4 0 4 
0 0 3 1 0 1 1 1 3 1 2 1 1 3 1 3 0 3 4 0 2 
0 0 5 0 1 1 1 0 3 1 3 1 3 0 4 4 0 4 


0 0 5 0 1 1 1 0 3 1 3 2 2 1 3 3 0 1 4 0 5 
0 0 1 0 1 1 1 1 2 1 2 1 1 4 1 2 0 1 3 0 2 3 1 1 4 0 1 
0 0 3 0 1 3 1 1 3 1 2 1 1 3 1 3 0 3 4 0 3 
0 0 5 0 1 3 1 0 3 1 3 1 2 1 2 3 0 4 4 0 4 



1 0 8 
0 0 2 0 1 2 1 0 1 1 1 3 1 2 2 3 0 3 4 0 1 
0 0 3 0 1 2 1 0 2 1 1 3 1 2 1 1 3 2 3 0 3 
0 0 3 0 1 2 1 0 1 1 1 3 1 2 1 1 3 1 3 0 2 4 0 2 
0 0 2 1 0 2 1 1 3 1 2 1 3 0 2 4 0 2 
1 0 11 
0 0 3 1 0 2 1 1 2 1 2 1 1 3 2 2 1 1 3 0 2 4 0 2 

0 0 4 0 1 4 1 0 3 1 3 2 3 0 2 4 0 4 
0 0 2 0 1 1 1 0 1 1 1 3 1 2 1 3 0 3 4 0 2 
