136
508
350
607
87
64
447
404
699
327
765
269
290
200
378
143
289
191
787
544
501
962
945
573
134
210
885
932
716
481
938
603
720
749
851
0
380
54
606
611
553
8
246
307
232
717
216
172
443
996
702
873
317
805
665
354
929
530
196
19
537
521
862
21
522
73
701
762
358
377
991
939
719
905
365
896
348
818
803
977
776
277
870
792
181
406
13
739
101
89
531
150
455
616
421
156
260
586
184
593
202
886
848
424
209
970
245
816
167
654
524
179
379
808
193
194
234
321
127
584
47
286
820
1
591
512
472
957
797
916
615
401
63
77
920
296
258
880
237
231
25
549
594
541
470
953
812
560
122
469
250
546
773
704
964
386
112
793
239
750
734
728
490
952
201
331
551
264
282
108
376
635
534
590
467
668
221
738
37
408
333
631
930
190
927
34
165
52
355
11
918
754
756
791
619
948
854
243
572
6
570
946
516
641
779
967
814
197
409
359
205
535
802
997
137
415
639
559
322
578
988
473
758
311
148
881
206
680
837
233
129
958
498
235
482
955
726
985
823
695
485
651
230
504
391
299
308
500
335
41
422
982
303
528
540
454
271
203
5
444
951
897
811
259
525
901
342
163
16
987
86
107
448
673
99
658
495
671
20
186
859
453
309
510
624
347
895
85
543
427
640
316
941
46
688
465
116
429
42
169
625
713
707
305
176
742
273
295
410
96
672
318
361
648
381
441
783
909
29
363
926
340
413
106
513
592
274
835
928
244
605
917
458
266
555
981
878
59
874
703
992
489
83
659
613
438
617
861
768
171
82
924
956
558
786
743
959
189
621
352
735
153
138
120
214
483
727
629
850
476
325
81
449
110
431
801
12
278
568
995
936
876
207
23
217
919
737
188
890
829
491
868
39
477
121
588
580
385
397
370
219
933
694
323
412
371
804
67
827
520
855
22
548
781
2
185
679
10
211
770
949
159
366
785
887
571
140
866
684
771
175
675
838
139
795
509
398
806
842
846
666
226
4
388
356
972
796
457
753
849
373
843
884
690
252
49
104
864
24
582
529
669
281
653
272
730
407
506
841
642
542
450
741
853
725
131
539
479
35
279
351
649
93
511
26
686
813
336
330
123
869
298
238
229
947
75
660
497
937
353
395
602
872
48
463
97
369
961
142
821
228
346
437
888
960
374
425
240
857
746
182
218
911
733
423
789
79
638
402
399
517
567
545
31
784
414
576
627
270
577
598
687
151
975
157
367
807
416
446
678
382
253
173
486
894
536
879
736
58
433
155
744
583
248
126
830
943
170
257
36
914
978
50
984
809
589
125
390
557
314
670
696
38
461
794
263
922
70
712
198
74
478
810
950
100
683
831
144
597
324
507
825
383
128
676
375
527
569
711
152
552
319
505
973
585
561
55
599
56
867
30
800
411
80
863
28
646
145
222
72
103
288
974
17
834
609
9
798
430
747
710
752
900
579
337
400
494
731
496
387
722
154
428
393
634
657
293
440
759
523
877
689
94
338
268
135
632
921
27
302
587
626
105
760
313
907
213
538
98
364
420
301
652
677
715
628
349
931
162
320
339
963
778
435
705
168
69
