972
390
1762
1009
1716
2408
1959
1557
2659
1645
75
1948
2243
561
63
695
405
109
1684
2235
2093
2780
1105
828
14
168
2302
1924
1448
686
1562
1917
1776
351
221
2331
1996
214
2222
1298
2287
266
1916
1508
2611
298
203
299
2232
396
1438
1654
1676
2112
2598
796
1062
2065
2161
1920
1280
2523
969
577
2926
2382
2743
2623
635
870
2968
2509
1516
2104
256
737
1160
812
1987
2898
1893
1154
2879
2323
529
316
805
1650
1479
762
843
717
749
2798
2981
1227
2662
807
384
1058
1812
2904
2467
1889
1596
879
731
1898
2245
2246
2697
865
2853
2705
2178
1984
1028
1586
501
2815
2896
1790
2102
1929
2605
2941
1517
250
430
2387
1357
1261
580
998
2449
1648
2196
2747
1340
1437
2265
1833
217
2816
2415
336
1500
2525
436
571
2204
342
268
304
1792
2860
679
2997
1878
136
1946
1522
670
2081
1468
1721
2101
1665
1268
282
1446
819
2244
177
735
2437
192
568
788
2295
1753
2871
1104
1620
84
1601
2527
1528
57
1503
2396
2225
1043
447
2273
2316
2358
2658
2327
385
2988
1576
152
2288
429
209
770
90
1497
2469
392
1277
175
204
1146
1672
1455
2692
2390
66
2699
2911
1548
1071
518
1865
2000
1892
1404
2811
873
1467
48
2925
1739
783
995
259
1383
1471
1416
433
1312
884
2530
5
469
955
1661
2351
2420
1139
625
2587
68
2393
612
927
1381
2686
837
544
1919
2980
622
2610
2868
687
1078
111
1709
2717
1055
1547
257
269
404
2457
1541
2684
40
1377
2033
1445
25
2026
2756
2951
2342
2475
633
2668
1723
534
2487
634
966
2466
2614
1666
610
383
719
2973
756
711
1216
1775
1506
1591
2169
1978
281
18
2872
2923
1196
2214
2075
2353
910
212
1354
1278
1092
743
1049
1281
2045
2847
589
621
319
2462
2599
570
2284
2581
2356
1338
1514
2534
2044
2999
2424
184
2878
2283
174
789
1687
2751
2266
1390
2012
2340
2529
530
388
2473
2689
1534
1587
1799
1545
1299
1598
164
895
1033
1136
398
1702
300
990
216
738
1403
2845
932
2876
2727
671
1214
387
1183
2190
64
2621
2938
2398
2592
466
1481
947
2786
290
335
3
869
1811
2158
1630
2114
2591
2485
986
1240
939
1327
2049
983
1663
689
2943
1424
2955
2248
233
645
898
422
1343
2380
2192
661
2013
506
2667
1074
1007
2319
2770
2518
1874
1133
1254
546
245
2051
2776
372
1894
533
53
775
1380
766
1858
2557
639
2018
1820
2478
1132
2490
1205
1801
1856
207
2517
2512
2444
2846
2538
637
45
2060
1844
1490
965
246
1096
151
326
2202
1443
2901
1024
2023
2136
1252
2209
628
438
1141
200
1729
1477
1442
340
393
2965
94
333
1568
1356
1017
1370
2291
1163
1026
2394
358
2021
1407
490
1018
2477
228
2886
2832
1627
2627
791
2919
1230
2561
2172
2804
1003
363
967
2463
2179
119
440
1570
836
2294
1090
2122
1791
399
2793
1940
2346
31
99
2674
888
1866
832
666
1974
16
1911
1167
2362
1036
1643
1563
2193
799
1306
2194
2103
557
2155
674
2251
1979
61
7
709
1374
91
2887
1533
818
1935
2841
1225
2027
1936
1224
1302
815
1814
2223
1365
1482
220
2788
320
2856
871
408
583
1617
2577
254
1011
191
1745
366
2630
1384
2454
699
253
1505
1690
2497
288
147
2139
2854
1086
2493
1264
1685
777
248
838
626
2641
92
1964
804
1942
2249
1669
1469
1701
2989
730
2057
1535
1854
2496
2909
2653
555
2280
940
1962
1599
2242
2944
1559
272
2629
1
1233
913
1335
1913
906
93
1621
2363
243
1955
2992
234
1760
1546
2647
669
1289
2375
957
2094
2504
2822
2117
1420
323
394
2175
821
2952
2076
70
2050
1827
664
1222
1840
994
2315
2009
131
374
904
1358
2902
722
108
1123
2998
2554
2123
713
23
2690
2146
2806
309
2455
199
1068
1359
1826
806
497
2958
547
1886
1817
1748
668
2840
516
741
1432
1421
1644
1241
2962
2763
2829
1000
2638
1441
1567
222
193
2035
1761
1513
929
2167
1759
1098
1226
1385
1593
373
2821
2311
140
2343
1998
615
458
2707
160
1168
866
71
1537
1847
2054
431
1737
2740
2442
1242
2762
979
344
2317
247
41
1843
0
437
1862
894
520
2809
1056
1320
2749
1839
1170
2713
868
2125
2654
1352
487
4
2210
1336
135
993
227
407
1664
849
1119
575
2468
891
1079
1190
1536
905
619
1179
2491
613
2918
1399
2150
1768
2624
2074
2765
1560
1692
2586
2889
2349
1875
2970
1364
667
1461
2969
2120
1594
332
1114
1337
2696
2236
508
1515
21
2004
397
769
829
1697
142
2298
999
673
1012
1986
76
1549
2682
1290
964
2814
1059
415
47
343
2264
2880
1805
362
43
285
1311
2233
1166
167
2910
2826
1968
2047
2568
106
662
2514
283
1492
2061
1020
1787
1556
2800
1904
101
1285
992
482
2790
2957
975
2400
1434
1583
2584
678
2908
813
1881
303
2268
2929
515
2426
1738
218
1994
2560
976
1813
2651
1181
2253
2620
514
239
2524
885
338
1447
2506
2278
1091
224
928
740
1094
2164
2281
844
2258
2664
443
744
2471
539
2445
1153
2453
1265
2489
1602
329
1245
2350
2536
2932
1332
2663
538
2945
1623
1493
2048
284
423
1834
102
901
2728
2034
2022
1475
2377
2716
489
1288
2218
1777
12
352
2565
1346
1351
2858
1845
318
2862
525
2144
1947
2934
1272
2603
1883
357
551
921
850
1388
289
1806
733
226
2661
1422
263
2220
2738
631
2135
1135
238
470
2670
1727
941
1389
2549
552
1324
1309
2333
1131
139
1611
2542
1107
494
2810
2867
1673
2729
1956
945
1860
2366
187
527
2337
1317
605
2917
452
2374
1184
911
260
1229
2907
2261
1610
890
1232
2228
339
413
747
360
2010
663
2513
2708
2640
2781
1733
585
1408
2563
1579
1236
354
1487
2137
317
365
1605
1908
750
949
418
1076
2974
2431
563
2037
1273
1325
255
201
128
1821
2381
1561
823
2725
1712
1782
1600
600
2666
822
2182
2996
2433
1287
594
1064
2802
2200
2289
1044
1088
2226
2297
912
414
2891
1034
2612
1639
681
1199
2185
2718
1607
1274
1836
264
2016
296
2520
2948
567
2660
2616
564
2369
2133
2211
2545
1257
1307
2088
656
2216
165
1695
1140
918
2861
1714
2024
1749
2128
1412
1970
301
1085
2724
2428
1100
2108
1976
2636
1642
479
276
1622
1995
2025
938
505
2639
2819
2407
1286
1084
903
150
2
434
1632
963
1279
1313
242
2332
444
492
1379
2086
826
1752
504
2890
1462
1081
240
1725
419
2848
1715
1004
2201
2129
1050
1569
417
2864
1831
19
2083
599
1342
1175
2479
1191
755
2825
2508
2247
1464
2090
2173
2772
2064
169
2501
842
872
2519
2618
582
2755
2239
1328
648
907
1152
2803
859
1933
1112
1747
2622
124
970
510
2401
1718
2726
915
44
1703
2842
495
334
2140
2533
2361
2675
593
2212
488
1496
1524
2441
2511
1540
267
1258
2939
889
2888
657
2314
2665
2405
655
2152
2367
2609
1818
103
1769
1526
1219
1504
864
2306
1751
2458
1819
2046
310
27
2406
2976
104
1410
2967
2824
1896
2357
286
2838
1655
1895
2510
1039
1937
2007
1453
974
1077
797
1973
1767
683
83
2328
1371
1321
2043
1349
1619
925
2895
2758
34
2231
2731
2652
1250
1981
2312
653
195
1148
1804
2830
1588
1841
702
1070
835
1465
330
1353
2451
2296
356
1218
1797
1458
1691
1972
1255
1786
930
2706
1165
480
2894
1907
2753
153
1419
1573
1525
2269
391
659
2241
425
349
1400
922
1566
2645
211
293
420
241
652
1638
1296
2986
2757
863
603
784
810
801
2695
321
2419
197
2683
824
1116
2870
2252
1773
1083
2359
15
654
450
2417
9
173
724
1444
2637
712
803
2719
265
1991
2779
1244
86
1876
2389
2292
1930
294
1134
2600
2994
2411
1584
2089
1771
1208
742
1612
2849
2157
1401
521
1372
50
2646
1848
1297
2124
1386
1212
572
2541
734
2080
225
2983
1531
210
2559
917
2985
134
1785
1156
292
1124
1966
540
1910
800
2290
60
2143
215
984
120
2575
1211
2745
1330
2723
1726
616
30
519
2168
2234
1887
1159
2189
2472
716
2205
523
1577
1158
1402
1478
2335
2418
1853
944
729
2171
2116
1914
