235137
341056
420650
201614
9289
89342
291870
455971
20356
179991
476262
488826
245536
281783
168597
198551
79312
103465
79314
162815
56223
456541
126336
289591
199570
92190
264992
350902
378192
415288
278977
30489
442647
490529
198623
311211
341329
120203
477068
184463
51624
75495
339517
128166
205003
251868
232009
313296
49302
12296
392753
236218
95773
261051
220390
456545
433720
422907
126038
406914
442643
335277
126178
295250
368096
171898
142661
24502
378
157183
12295
34389
112990
232326
353738
491472
468799
37908
251867
214584
302173
11270
23305
38975
205001
456952
233005
361326
494338
14324
377780
176839
43221
168598
193342
173871
89671
10548
67283
373058
106121
262730
376329
3646
312783
245539
165058
103315
193628
75347
196076
4251
201611
245544
66780
344390
61054
109051
462682
253233
392752
128016
336912
496050
257691
136109
100212
427930
158594
109380
268824
268174
390149
9864
345861
64113
49923
386839
95845
355951
430722
361594
438247
79310
396384
166581
363414
63639
343341
221110
39173
212174
37906
479059
226556
361322
9865
143595
347989
298483
20775
23307
303398
424358
137850
368519
100213
421847
436506
97979
187981
184632
418610
222860
398790
199435
458523
387498
476261
310276
285390
73961
414160
309965
479088
193348
65926
51866
128129
56838
423986
480004
486456
289590
172199
233070
348686
17663
269482
101226
233068
398789
158905
209483
355953
149543
150079
123110
247806
498470
333762
463675
124424
82047
129159
378156
158595
12636
287141
242016
158604
3647
275439
383150
173869
56055
205005
55711
236121
282853
442160
149648
218075
214582
147261
124427
344388
441174
454920
6092
185530
456544
124426
474747
301048
451609
106116
247807
479124
128019
236217
8283
334074
344098
79313
302843
250712
487889
259178
95341
92947
101242
413602
271939
106117
487890
393815
402264
314048
273007
130408
348238
355597
124425
20755
406911
73962
483119
282953
187641
456542
37388
173872
445434
9645
122066
311213
407143
328501
174017
225507
361592
184630
158606
453968
20772
139538
296123
58427
328596
378158
486736
168596
37907
147556
268167
299295
24426
102026
298856
212177
430506
487607
337294
302605
173640
135260
457179
490038
273354
472504
63206
29142
324344
245542
24536
165871
65974
208789
287352
249301
303399
263767
315325
337292
92191
420707
37796
62114
49304
463672
38851
412063
171933
245843
120197
218787
493612
28223
295248
282755
453686
253847
251997
31856
64946
453969
456085
393817
81231
231511
149647
442376
301239
165872
357124
2202
367701
362984
258721
328094
60246
454850
1132
355720
403052
220899
32932
482403
263518
121907
5063
494424
223739
465315
338475
46534
428674
250301
124185
237679
302932
334075
62113
158903
42314
445521
5988
21951
290514
185531
67280
170877
495101
476360
311212
290906
282555
418118
30163
360150
219420
251869
323036
288476
342645
46486
332595
175642
233071
463784
117036
103072
1128
143597
187414
188313
301241
153131
6091
458333
462111
90346
259177
213184
212175
305968
483217
102468
147557
429547
335280
6330
424691
302817
126335
470178
64947
123360
125992
306729
199290
497298
120204
245547
162814
457452
261036
116868
149856
232323
289592
187235
336909
365856
293850
472505
214500
176841
67281
396385
294147
218877
290654
183656
23148
340479
298854
460547
319586
64949
23304
453970
493611
488828
46535
329679
442159
30910
186080
418612
472962
12297
417657
162019
20756
24503
259711
343213
257730
276319
60393
424895
217264
235637
8131
330374
116302
335279
349776
108123
462685
392224
137849
426032
439705
42315
451608
284826
226560
362642
388302
75346
385641
65973
344094
497297
223969
186079
3623
468778
24501
393995
417656
335152
347990
298092
205285
463063
433722
4627
355718
211796
92189
285392
172843
338477
66825
373848
201613
322235
24732
483219
383173
431342
390150
135860
60040
295772
294445
194487
418116
417720
6090
149858
92193
104840
304510
232327
211523
366405
123359
79896
39066
483833
106118
283570
337289
81521
148219
429509
102027
159581
95774
412400
158605
287137
250710
135859
384003
23306
456031
12047
469920
295774
237662
276320
491473
168594
126039
199574
440919
90349
301242
149544
305966
130276
173072
305967
343212
316203
376171
436064
355950
357791
56835
284825
388618
267216
158718
38976
211797
125993
45119
335735
96076
303151
463783
15078
194436
357547
420157
396782
458527
328604
23169
42962
175712
369676
355944
13317
68255
6894
89343
295251
192833
150328
177392
372265
463061
58583
454551
176613
120201
99116
362605
334073
225505
344081
187980
172845
27214
136956
489107
468779
193347
403053
56837
346671
177927
5473
56840
424738
348687
452269
363411
368095
417924
428517
66779
294285
344096
214154
137452
388355
305137
475147
142811
174541
92192
456033
233359
132940
302720
27010
16035
140055
388843
263086
171934
436510
67243
188315
336906
447774
72507
431343
116693
338474
46538
290653
128131
90350
346670
199291
383151
353211
153132
388617
254335
198622
123887
293262
88361
32276
73959
140040
328505
4628
399628
254761
407915
228924
441171
405573
310278
282955
1778
170874
103073
298855
461762
76552
97021
490530
24427
9444
214499
73173
226461
225157
95777
268177
94320
101210
126037
420846
393563
433719
384001
306728
243494
174993
95652
476370
476364
17229
314451
361591
418121
423649
491783
457636
67850
396155
67277
442644
104142
137685
479087
346591
161890
57505
106119
27323
42961
367702
289776
325251
177928
233358
400419
427529
29144
433721
90347
422174
258722
118431
98605
343340
355719
82049
355945
408274
205287
141432
81969
1131
85207
414159
289777
244277
81971
93069
245538
468798
4744
496749
193346
308240
247808
460404
72468
12048
192077
166156
118432
86860
223600
457688
48090
9643
157184
266112
104183
56054
72088
56224
259176
353212
469922
344097
202434
362983
304291
355598
316085
99113
243554
219396
39064
199575
336905
42963
332599
245545
142031
118436
303919
368641
372295
95299
478037
371350
355946
335149
402172
4745
362986
171923
358274
287146
116303
302844
220655
205435
37798
447351
302845
287778
85853
6198
303150
269767
199567
159584
92194
142005
481589
1779
224431
142967
459838
209884
67282
183655
462686
294694
482402
97780
32277
174016
396383
359015
114864
222858
143596
477669
82046
157675
19769
269765
214325
328706
335738
433718
321272
458522
235638
210062
453600
25929
445522
199571
198625
81968
498468
421803
199634
267032
476365
95651
6193
358649
50398
126024
355717
236005
296124
220898
66237
95772
81970
249303
116015
384000
241724
490041
238813
226557
407917
193232
284040
434778
150575
138618
434814
120202
377926
447775
309966
469921
147554
105421
431341
266111
399000
343339
344365
3624
270930
294479
224200
282419
103896
10545
69764
34981
250297
205284
404095
149646
221552
58584
428134
226558
347106
496636
199573
97978
405458
21589
332598
300177
476367
182710
106933
150163
229550
