870
2868
169
900
648
2247
2910
1706
1106
699
2814
1107
2739
1878
465
2605
1789
1333
2677
2578
975
720
1911
2949
209
2947
1592
417
1583
2249
2745
2216
1324
132
1512
1578
1097
908
2157
2278
255
470
2450
835
2585
2166
253
895
2807
1443
107
456
1479
1522
2812
2587
378
2525
414
1175
2659
1730
2552
994
1785
1563
514
542
322
688
2835
2182
84
0
2335
1691
546
638
2404
1626
143
1900
131
41
2365
1498
902
2060
376
2762
1071
1939
657
1830
311
939
235
156
1105
2890
867
1569
627
1466
877
1784
314
2455
1717
2143
918
1831
2764
1252
1932
1020
601
229
10
1847
40
2629
438
1620
2863
14
786
1178
1217
501
1652
1321
307
776
1523
1500
2768
89
2735
583
158
60
2757
1302
2107
1127
2715
430
554
1277
1787
2744
2297
2592
17
260
2543
2573
398
2266
90
2928
980
2999
609
837
47
724
341
623
1467
640
2293
549
1590
2155
1960
1714
1950
1842
1183
2563
1352
2134
1135
2428
2082
1156
1518
276
2357
120
11
2313
2819
2372
2075
1049
2301
1854
1474
2504
710
2867
1
2201
2845
2451
375
74
802
257
2846
1581
2699
2315
479
2066
2544
244
1838
2514
1759
2007
1786
2003
2031
714
1593
2299
352
488
1227
660
53
1817
599
564
1594
1101
598
2215
1907
2385
2952
2213
1803
678
791
442
2124
625
547
1090
1746
537
427
50
2540
1510
2041
2929
2374
730
746
1726
2695
874
1081
1153
2915
1099
2950
2125
4
1788
2876
1326
1935
946
2943
2136
1929
1735
2547
847
186
1580
2181
556
495
2126
592
1220
813
1246
1472
957
608
1449
394
2650
2204
1358
2479
2430
1223
1068
302
2387
508
535
1093
1147
2749
1255
866
1014
9
681
2460
2291
16
2431
2256
1909
1155
2981
2903
1765
1410
2576
2115
2796
170
2600
555
2839
2690
2555
1516
959
1574
2013
119
1198
468
272
2202
2106
842
974
2034
232
1461
2045
1934
2984
1688
569
2847
1896
1999
2990
2964
2098
1687
3
2440
2285
1407
147
1557
2462
984
412
2539
1440
2415
397
1236
1189
927
2713
2760
2501
2825
1926
1111
2102
875
2772
1550
809
1659
183
401
622
365
343
2332
770
1985
1102
698
39
2827
424
658
1782
2826
553
2229
761
848
541
2461
2290
2957
649
1850
868
762
824
1600
325
1956
2530
1275
2070
2798
1754
82
2916
128
1953
2190
1792
1025
2383
1329
742
1711
2094
1912
727
2334
1309
2123
2369
1473
1355
261
1922
1270
1283
1077
164
172
1310
2054
539
594
750
1840
863
2214
1997
1825
1828
810
576
2935
299
2881
757
1530
2691
1468
263
1434
752
2969
458
1176
2824
2980
222
821
65
1571
2803
1529
2809
2898
2521
512
1720
1870
876
277
901
1611
1184
773
2855
2787
2686
976
2894
2333
2793
663
2319
956
2273
1179
861
1219
1444
1969
2047
1802
2402
2196
1524
1664
1682
1136
1972
832
428
2811
2874
1062
2068
655
862
1908
1668
2373
1867
2612
123
1766
982
439
2907
1875
1019
1755
2008
2411
1428
2053
2465
2305
1914
1200
1504
2727
2002
1718
1940
2911
87
775
2429
1488
2489
2055
1435
961
2860
2844
151
1160
2073
130
1305
2263
1506
1056
650
175
595
1325
136
2832
1456
2097
907
78
966
2590
909
48
1967
2426
1451
559
2337
879
2951
2399
1866
849
2200
998
839
1130
585
2779
2689
570
2044
1915
1513
1123
2668
2390
2692
286
29
1221
111
155
2412
304
1511
2698
2193
2274
281
589
2183
2270
1382
1109
2608
940
2264
310
2069
1767
336
995
1044
2627
1993
2625
1844
2195
2016
2474
2463
2362
453
1051
1370
349
2048
1447
2853
262
1721
2712
2854
2932
2742
1686
419
2705
735
2406
736
2043
2883
2346
103
1138
2347
2783
1689
1248
97
1316
1818
321
711
2231
1001
611
297
2254
2959
1606
2776
203
1948
190
2518
1188
2656
1199
2283
950
2505
1879
1036
574
301
298
418
2309
2816
1096
2515
2235
951
543
743
2076
1957
840
1196
1749
2392
2011
1094
2296
2160
2756
2820
502
2769
2022
708
1167
2025
2533
356
778
2
1152
1657
2277
2545
2799
1404
1004
1354
2648
320
463
534
2973
2105
2227
2306
872
75
1570
1675
2596
2495
2149
526
2207
1074
1978
683
1419
1836
844
521
2237
332
2268
1115
926
2502
2730
2240
152
2804
2637
2655
2830
2616
2906
396
1342
245
1588
2992
1285
1395
2199
1229
993
1291
1974
2702
1357
294
1460
768
420
2072
2927
1055
1617
1385
2852
970
476
1739
2230
2191
944
2861
1006
2524
174
2205
2165
2896
2208
173
1240
2775
1865
1712
1998
1360
2786
2138
1539
2701
787
1273
921
474
2302
1278
632
1463
2260
2622
2351
2904
2154
972
312
1497
1548
2972
591
630
997
287
2945
144
1556
725
1952
894
545
1603
1666
1064
1551
1826
765
1242
1002
2225
1970
2287
270
2476
2773
2870
92
798
149
1677
2508
1413
2635
2024
518
858
30
1895
1495
2746
2577
2681
1347
2529
1901
1973
163
2651
1897
2810
1839
1417
634
2532
2057
986
1807
816
1777
1586
1602
1319
2641
2389
1249
1348
2452
1335
1393
1645
2438
1601
1121
242
1880
1892
1237
2350
2077
54
1423
2785
1841
452
2630
2900
1205
1235
324
1211
1630
2892
1173
1648
2986
2418
713
1453
274
739
2486
1733
1736
2848
2886
2049
481
2519
2865
1517
206
1092
1770
1672
2375
1073
1011
911
2443
2884
503
2320
2983
399
2360
2971
1965
2425
2343
2598
96
1457
2490
1126
2640
2960
723
2813
2103
432
1845
31
1427
1756
1124
1177
1595
527
2925
1724
1390
1670
702
871
1783
885
1208
1406
754
656
1158
1026
2304
1145
278
413
2638
707
2492
531
2996
2339
145
63
1552
913
2116
2146
1263
237
1432
2370
1344
2447
1723
133
2536
2520
551
1426
685
538
941
2298
227
1812
189
1923
282
1653
915
1528
618
1697
95
1478
1804
2802
1619
1063
1641
792
815
2168
1532
449
2966
2245
1069
513
1632
2353
856
1919
969
604
1133
2977
2478
2117
1573
1863
1103
1877
61
883
1822
2571
1975
2568
499
1192
2481
869
1555
1146
1377
1114
2458
703
1906
771
766
2758
1881
1180
2777
838
1609
8
1122
1403
178
1575
2017
26
729
734
1981
1257
2151
2110
138
1433
2058
1289
2956
435
487
2312
1986
2649
579
2737
978
1857
157
523
1931
250
704
1399
1119
2087
22
2009
826
692
2849
2694
2427
1576
387
2496
316
1017
2733
88
339
1658
122
1776
572
1079
845
2974
2566
1685
1905
1086
2488
675
2398
1846
2526
305
1764
763
1174
436
1290
1916
2580
829
1442
303
2127
2665
1886
2023
180
716
2130
1624
1187
1561
2167
181
364
759
2493
425
1860
2004
954
403
2604
1621
2741
937
1454
460
2919
451
2052
571
686
2314
2510
2173
2381
2042
935
2680
1798
823
2483
2131
2732
1422
2955
1254
1314
1501
1368
2859
1052
2397
2607
1502
2226
2922
1320
2292
2632
1930
947
2593
1100
112
1547
602
2084
851
1771
779
1007
573
2774
36
1637
2653
2480
2494
1163
1154
1233
584
2707
865
1582
1894
1485
1604
1608
2015
2987
161
2203
45
1412
1496
2560
2985
1362
767
2602
2706
600
446
2121
1047
1394
306
1491
429
2322
337
241
525
2062
1811
422
2010
2660
748
509
898
2464
2594
1646
505
275
1869
1425
960
1212
722
1050
1597
1161
1639
888
1814
2708
2815
1508
919
2557
2401
2726
2709
818
1150
793
1258
2509
1820
828
208
999
1209
454
1234
2567
2995
1704
49
1705
790
1775
2550
2606
408
2725
1758
1386
2666
2597
2217
2083
1837
942
1216
949
1703
936
1264
1599
23
80
1832
2736
510
2408
1835
2879
2618
628
2895
1732
2722
504
2989
1318
2978
1579
1503
1230
1674
497
1464
1296
1519
57
1213
118
461
854
654
2931
596
2071
797
1992
1728
83
165
860
2669
447
967
2882
2889
2887
234
1376
1538
212
1351
1781
357
141
7
2623
2795
102
1618
758
2982
2572
1250
2636
1087
1038
2721
990
1514
1430
1072
1397
94
1921
2174
834
1899
140
1715
13
1336
588
1269
1913
248
726
1612
389
2697
2170
2210
1751
1521
811
457
1607
196
2485
1713
2061
1937
781
464
664
42
374
788
2244
1171
1005
193
2475
