8437
82064
62198
66466
123
18734
44911
32110
6289
41483
75834
32878
40465
82961
17255
6335
17958
40622
58819
65928
29142
44163
50342
82764
66372
88737
61520
77622
92891
57385
33835
30893
80242
80883
85470
8553
68809
49809
41419
18690
12793
78210
77954
35313
34404
78731
31566
73002
66263
31756
3293
27132
50647
46787
97504
19259
35730
35006
34187
27396
68961
56506
83190
72427
42849
93298
75660
51511
61647
45126
27175
87246
40754
99132
39657
71037
18695
57585
84676
52229
25386
6959
52400
52616
81752
21819
13949
19301
21609
94473
17024
56287
30700
40212
50267
18924
8075
95738
30956
15417
90357
66804
66148
44102
98606
27924
25506
87026
40989
95153
94365
6873
72033
55570
57122
97082
76026
42767
51912
96052
87974
58294
98947
24069
29032
46412
48746
31993
86450
60777
42278
50263
9181
40171
53476
54083
14689
22288
42124
86140
68730
85763
72523
50779
57909
4785
21748
82356
63047
21167
50834
25670
21800
60135
32532
48371
25896
29140
13920
34955
36563
73717
79922
6022
21596
65248
30394
59076
10788
15178
30356
6258
12729
32316
7523
76671
92041
85966
74506
49250
83275
16890
22345
61818
28805
41522
16068
45644
4580
71097
73679
25502
50459
52050
52019
19618
59783
98376
43311
88497
23124
39834
86967
50833
12018
55552
95445
98208
34815
93766
14783
81093
75760
26663
13335
52143
30192
60535
56524
50256
56541
50207
32586
31338
94237
20467
23914
2903
63279
37306
70534
97570
17695
90904
10850
87049
99630
98781
8769
42573
63180
99522
38897
76563
89361
60858
68231
69339
72830
89518
34136
1970
83081
69741
97724
30882
14974
3644
83617
87514
98598
16725
16626
94453
40668
90047
41297
78888
55502
78632
32722
87412
77419
35088
54672
72891
68793
24191
94707
22636
82096
44448
75066
73086
1141
83965
22549
35012
47893
69314
40493
4296
4176
36483
30733
58056
13704
39606
55886
79751
85110
75289
59008
18495
19277
39364
99113
86905
21994
35532
17126
33215
92329
21042
12890
10863
8193
23869
69113
41635
26297
5523
95388
40457
48273
81183
17883
20312
86037
28297
28920
85169
17583
72106
34073
46422
39432
18783
7079
82455
5818
65322
43268
51158
1096
10193
89710
82094
73814
78414
98060
90334
28145
26469
72432
68201
50863
89935
35052
58997
85903
42358
60334
20543
78995
6009
35668
43780
84609
34524
23890
32730
53671
38918
11802
83406
58617
9358
14653
97643
68913
12785
58482
15131
72745
69079
39414
99830
58225
26558
72174
42707
94566
90704
2135
8875
12839
24047
24569
83969
12421
58972
19872
79656
41176
77000
75052
91356
75569
79124
62418
9680
50556
23946
53008
51295
86874
66155
93855
20378
63851
99244
39619
77615
96796
4327
76539
37720
29076
68518
8499
85907
25823
57069
373
93132
93863
30487
17483
27094
88295
52191
99091
99715
52928
65841
16945
82990
81102
65538
24480
65121
88588
12758
33318
88092
25075
1493
60757
66430
20926
82717
30345
45006
84244
85746
56662
69567
72269
4581
63369
84788
75933
34716
69654
54047
74304
25008
76741
25408
22556
85318
47634
21952
82556
38321
21105
20765
10689
12212
29052
94747
48069
3736
25558
26060
33774
60798
94051
85559
47899
4633
80008
50412
98264
55513
98817
27492
21425
99872
93552
49113
32443
56414
79681
81007
44632
57971
84483
17579
55206
46513
2757
45498
60171
89584
67453
13725
87624
4200
90044
97146
57263
84196
81181
59320
46395
3458
22817
50268
51770
36101
71093
21843
38677
40904
95784
83310
32306
42285
37849
80062
39984
5463
40569
92293
34445
52721
87769
71579
13005
78762
46832
58276
34979
80770
131
95295
7822
31060
6425
57757
23203
25377
67123
5008
4439
92332
21303
69644
50913
57267
3703
69534
20579
19601
74815
90523
23247
81845
39544
79955
3175
18680
60860
34726
67934
71662
82082
20660
68477
63795
74375
26643
55484
29379
46687
12685
74831
45786
10062
66541
96786
42754
31873
48435
8140
21855
11528
85440
76289
41887
10375
56103
8843
31592
29469
3224
63692
13433
60763
16425
42828
1701
75454
68383
57171
11154
90515
49233
52487
32059
81763
46890
54045
16468
50107
47421
32007
1831
57221
60609
66186
65713
53064
91826
15814
63373
23471
88354
49789
55560
32337
94469
84608
4965
28102
95700
50565
94978
7403
33503
13177
1443
7830
33847
91884
19450
87469
55784
25066
28130
92780
94671
11409
97294
83784
42136
81685
91767
49126
25382
38786
34346
75965
79811
88297
96591
29212
34307
76049
78335
46699
15882
62289
66024
46159
86059
4627
63923
11921
53544
53819
16698
40456
45183
17381
80259
42057
21346
35976
16664
75673
36070
73819
35887
1925
22795
82481
5561
6704
95912
17921
76803
28441
55104
75710
69686
81729
76340
84732
81145
82975
21729
71159
91774
57968
47990
89327
50845
61755
81673
45419
29719
55029
34541
86790
62592
17297
962
55178
57326
30133
14114
96011
82248
60690
82440
94901
55485
35525
99189
20313
94600
25209
38921
62170
65555
26126
2217
703
44787
71239
91605
56706
59428
10949
25262
28864
23151
69521
40881
80576
59381
87495
4537
18257
43557
12895
10428
19073
38144
34761
84518
7630
45359
54021
50578
23559
71702
1690
20790
93312
96143
89493
21696
88325
54303
5866
32566
46978
53031
77157
6641
73821
53542
26926
18682
86637
16665
14799
3834
72170
50215
50493
1059
64888
60087
29482
1176
46339
13138
16243
15155
90617
48265
54515
7885
10527
60775
52472
73220
3467
65739
36341
13657
52066
76713
79117
58953
48818
97930
14392
47797
65117
46030
74319
35095
53866
69251
8779
71478
87986
13888
23726
93210
62806
26638
46423
69836
59341
13856
62276
67464
61692
14143
57092
23511
56367
33436
3064
63890
14798
89495
50212
53329
11182
98082
76271
24330
51497
21630
81472
63831
85816
82504
88068
34637
14934
69544
8340
23246
87820
7690
79134
69252
56345
93282
59664
29799
98211
99875
95364
348
45599
95621
5213
2888
21607
84257
60331
82285
22846
15931
10149
64188
38757
87740
64930
83849
37152
13317
8820
80347
12216
70409
87055
27712
66800
99647
48463
67613
66426
92693
27305
77774
31964
85881
59484
57790
20526
50439
53856
47151
55912
51436
97174
65778
66538
66738
51353
79767
5874
51663
24238
41080
47351
97123
2599
96354
82434
43486
16223
52300
19254
41502
70919
34526
91203
20966
772
97059
92185
3210
73952
97451
27358
37139
88648
98275
20036
52558
43705
33545
67886
72963
4927
98936
52252
92266
8950
11035
94058
56417
38729
20292
31093
4819
821
58284
31489
13713
58758
57445
82551
94434
65084
88564
85216
65253
44226
41911
119
64347
1604
9368
22719
69643
54552
99265
17618
59117
78625
32041
60173
86476
52854
16167
3540
60311
72126
71363
31690
60411
39411
14847
16808
18691
81882
99736
32939
99703
8485
18601
85248
87187
80416
91796
8134
75669
74236
79217
7298
91265
48469
61084
20743
89666
73387
6929
33677
53966
39927
77985
76743
63751
39956
45814
49825
60120
69029
4953
39095
24164
38315
50171
40831
51150
92911
46097
79770
40344
62769
72216
17208
11600
47791
2371
96822
38534
22724
91450
14296
9102
86751
52992
29488
66668
61506
93739
11230
50099
73172
45801
37489
12845
21192
58838
25
79804
96618
88807
38713
18937
41146
13345
78825
42236
89131
26874
13633
60769
51018
80188
72844
41949
64756
83706
34960
389
11826
59330
27660
58943
41125
6818
34805
56141
48985
71002
66998
74167
93683
24572
86212
47897
45075
62602
71288
36143
92045
8963
26219
86383
83272
60666
53712
82027
57738
91475
77677
36062
41609
69240
25902
9302
84142
23146
27355
30656
90241
23001
15159
1734
82190
93903
45768
11949
65424
97024
89892
31647
53603
32324
32447
97798
47194
43849
55507
74844
82535
90568
91215
71891
60030
59683
46938
42518
19821
44018
89181
13744
50016
78486
13708
73154
78783
96870
62351
57138
95122
22338
64689
75474
61596
15622
33102
18927
30282
15547
40866
41517
15717
95084
53834
61034
52182
88871
40002
90324
80687
34405
95399
61030
53844
57378
43341
31344
86080
86694
54085
43233
95468
61642
34117
54410
14855
18934
56500
7083
78721
94523
73149
70077
11868
47875
29900
24163
75036
51910
60111
81602
81562
86572
29191
76128
86349
68835
43346
78757
26347
42910
44618
94941
18398
65697
95508
68524
37907
62751
64262
44145
14710
45799
83162
84313
20025
11318
72541
48732
356
32715
34899
12837
19693
48873
34578
36964
75366
84249
24916
13875
22284
81548
39487
59325
4670
58124
72638
34232
20550
75069
49984
83882
41993
44190
38870
68695
23270
22263
78481
27986
16393
38892
89635
87990
80004
30094
42271
25521
24693
2049
44456
99208
38020
54946
24954
35380
81800
97427
80591
60910
1502
7485
51202
43533
98746
86534
59317
34894
45847
21737
15775
9743
25350
19145
70413
21586
20941
93147
68632
93176
76962
60524
9875
74379
78554
75735
7293
22405
19596
67185
29080
34642
56772
15273
47524
60063
60234
82563
49660
9918
73238
40946
77010
67342
41397
5958
86101
6548
87067
92144
17378
73893
15558
86043
21243
81848
82710
64901
32368
99214
12469
12301
83803
77555
82296
10459
56531
48502
78118
78778
29021
10308
98957
31613
99720
67088
243
67142
91510
41359
25469
88123
12092
11813
78659
94426
61558
88783
67553
97272
97003
67966
12324
71840
67785
1744
62071
64580
29570
95072
80675
29857
60868
54495
51401
55410
38007
36323
80860
56303
23610
93710
8423
94295
94957
3826
89093
69140
73966
27394
99398
491
91049
51801
34758
73694
10073
48210
49135
86030
4798
89235
38425
40541
91301
68240
71233
26502
77978
90340
55801
10105
86171
99392
49123
33008
11653
51809
85607
11223
50010
95879
94507
33968
77432
43701
62563
76318
75506
90224
16350
83181
99788
12687
62879
35067
76865
79396
29610
22120
78894
95135
7650
24308
26435
73861
26605
51923
2817
43351
84583
29700
17294
37582
13973
59168
58246
73416
2758
83687
93664
32759
43500
13277
11644
94045
47000
58688
93161
8835
67768
68272
20174
25824
52082
30211
2964
27403
32476
64564
94150
96005
91200
46011
9149
74840
31692
14361
8394
37825
80528
86722
5079
34231
94693
30954
39997
81879
68094
97145
4280
49642
84862
70075
51383
1733
35375
29749
42647
12128
4669
65295
37448
37620
93013
39757
94676
66646
69197
47506
24937
40910
61175
91355
92101
58079
54136
11428
42595
68386
49141
51541
77220
79768
88162
30142
99282
82994
51968
20141
98236
55300
78780
25524
99908
30096
91091
34502
69816
25632
15310
12115
83957
9546
58783
7638
46572
86583
19436
8183
89822
1687
11978
20119
36924
86102
83707
15908
9460
89001
9311
88262
30285
79776
71087
79299
24874
47498
60224
12786
44796
65437
40035
40293
7586
73749
99011
13424
27385
65718
40248
20515
67085
87589
13991
61861
50188
45107
64929
39948
41186
46177
57411
38172
27363
20872
92726
52964
85043
32848
53826
4326
53193
98196
64092
18112
5844
52413
64793
72691
49908
31169
41306
17949
4942
96364
69937
22964
34223
84075
42874
16637
65883
50564
98852
90548
54101
50095
881
93324
74598
14835
66491
5672
4811
75558
98983
36828
16800
64465
84745
787
16625
28278
40163
63631
95172
26639
97299
93430
52951
96170
80608
31451
23573
42172
14057
95151
64562
29214
84596
28927
14789
18300
35972
64227
81755
94006
15620
71941
27376
53955
68297
44870
91532
99781
5513
74381
53816
58935
39949
24840
15675
29013
40686
52720
70656
84607
51933
3573
15875
35149
61465
37164
7048
5404
7030
66246
79294
58303
13094
91979
20334
36741
71303
98457
46215
82632
65886
48839
92985
28965
28109
3583
2409
35130
75749
69706
77738
41216
39331
88788
1041
94837
31821
65974
46833
30170
91445
398
48623
7804
23604
65938
24577
32354
72287
25732
63463
8790
44393
29751
71535
15926
53382
92116
60750
52546
90148
63921
67778
4451
30380
89471
19457
98749
64937
34501
75491
67272
25565
53773
22897
36942
82313
17662
8928
45396
14459
68314
87665
96516
35555
12195
64719
9726
72653
51412
77865
89237
35931
79229
67900
48799
37013
14941
97447
46259
14619
57863
51617
45210
20181
78375
33887
55110
26644
91860
75859
61504
82930
51528
48188
65386
74806
63220
48401
51675
9809
32718
51632
89375
61615
21066
72022
11248
94428
19443
76705
60511
64242
73406
48877
84589
71125
68610
94598
69753
48007
63646
89469
74735
86424
77613
80779
60042
9619
28292
58903
49778
66964
49129
9537
47723
86279
21722
96212
37024
36127
26669
75370
80168
62354
39352
71392
50544
84740
27646
80178
13879
40683
30704
65220
49067
22955
43257
84189
35774
78519
36473
70874
50673
34419
27216
7448
40114
19648
61129
40957
9046
5946
96467
69453
53431
48328
93023
70028
18810
98464
81129
58344
91107
98575
81209
69239
32733
48254
29487
29888
86800
34633
77706
46968
50945
85773
3282
7923
16905
21558
95169
67376
66980
31269
55578
91527
82497
92277
94932
58770
43066
22420
85377
84466
79867
17192
89791
72173
1781
39436
24058
506
73067
54717
47546
82699
73674
76532
64000
49705
52618
95893
90756
59851
93882
49564
50227
92221
38545
24044
40916
53851
28506
38908
55145
22136
88894
94230
42551
53
95168
70034
23331
31828
56273
76146
86758
61409
97157
50325
55678
52717
46902
4574
35839
61457
66206
9161
55374
69723
36759
39868
72726
24684
69752
31643
36712
54532
77114
42502
82725
15793
81817
36467
61354
13198
57702
22487
74910
25880
75173
21813
57236
284
4107
55254
76514
70968
61980
11537
76754
18877
90661
38371
78393
50321
75678
46550
65741
18766
60241
47835
97049
95640
50290
77007
47210
3330
48408
82029
16247
46816
43587
59396
21912
46003
73588
76839
51382
38561
96589
80052
31987
66224
70012
12408
17063
6903
13122
80024
22560
56611
10831
65949
56215
49662
14040
97520
6098
31474
34966
50162
91789
55650
34538
55049
12107
19037
14145
4957
37264
44228
56557
57073
45636
7201
82487
21052
37333
89544
97715
58822
94593
48507
8557
49943
58280
75342
93119
50965
67978
28394
71589
57681
91104
25735
2332
50644
88142
55105
9785
89697
1887
61328
96905
80871
5901
49948
75035
59747
34647
13466
2159
13438
92770
44027
87371
77307
85427
58096
89908
60881
1615
31448
89517
85463
94200
79087
35407
16620
80634
36441
23658
1609
15395
98440
39042
77598
31323
4797
71872
43569
9934
36808
65876
65499
71180
10832
19524
57821
72569
90450
33433
99909
45775
39090
64257
93858
16724
87612
84873
44360
84730
41605
97416
30503
19054
84651
50546
49375
80191
76137
75716
46110
75207
52711
26758
14618
11807
71588
35686
87470
34314
19420
52323
66333
82054
36110
96882
73286
23425
69236
27024
18960
41530
77728
25311
85960
17611
3300
24158
27914
90478
40988
64831
95973
72742
77025
6037
41215
83539
51180
61308
34577
94223
89561
40663
79750
16048
74462
29730
43252
67989
30783
41917
54367
96358
55185
29169
24801
50454
10687
25046
30475
5145
64419
67828
15094
3938
88462
11981
79534
28437
52839
62604
67480
28534
51097
49272
47701
14125
55687
58602
67968
38052
11673
36077
80512
51596
52583
64364
32729
22227
86550
93666
16446
29743
46489
68086
88475
51771
11399
97101
95835
7330
12371
64170
40875
69012
88815
46300
11424
57512
12595
27310
60376
82249
85825
59034
60105
22847
18481
99990
4457
53997
63132
18598
53519
54834
4690
14454
49461
12175
53791
58167
18774
14009
89986
95247
22387
818
11384
74272
62047
57313
33184
32871
71502
90552
6389
37524
67752
28342
16115
45637
72484
30538
33724
40230
9357
32055
51847
1867
46972
7756
72583
75308
45339
35524
89366
86831
1948
95277
98581
52934
59579
359
66050
48668
70440
22773
10350
17984
96164
98904
24760
5138
23894
38316
61568
23859
59809
84117
82974
16898
69267
38134
49534
25874
76354
78739
94290
89092
97241
36823
63820
70576
89951
63145
58993
27297
87757
64310
48322
16169
24897
52232
36363
33758
62082
33992
44799
25201
84987
96261
1682
91915
61239
80162
80286
59985
40530
79980
99920
88948
20262
67854
65081
27556
81617
18477
93360
94167
69778
69657
90681
66713
27454
13957
93260
55868
97008
65595
46924
19022
33219
40376
82891
7001
91655
67810
37667
65902
73242
81289
77755
99843
59286
63395
98580
22954
23274
36343
23597
38865
54716
47099
77528
72993
86233
18253
3038
40421
6555
45117
6315
61846
24309
95638
74396
86064
78758
94251
10555
34076
29673
59577
59124
1281
99594
18964
63847
64203
90115
85944
2796
4524
7208
78592
10048
75701
94904
70876
76893
31689
73656
38236
29950
64363
78792
74794
21031
83739
2856
24490
17560
59189
62095
65472
86357
84159
65729
12911
30404
66373
38115
63101
56137
32742
41938
38266
35841
19642
17881
66956
14971
83408
69695
70578
80245
92825
13304
24384
10957
34163
77537
52127
89359
59819
82539
98975
51802
53090
41268
79016
13510
66434
50094
20163
59912
75018
41524
81387
25567
19724
44487
52262
75575
81758
94745
24574
65219
24779
82205
99901
75619
80311
46155
69514
67099
56696
23265
15184
43985
35905
85446
73353
52242
89081
6054
97333
87695
16760
73906
46403
53167
46899
73179
94490
89301
24640
25901
88268
810
5239
21441
66867
17425
92967
3724
73118
17142
88409
28606
67315
58730
54575
16467
92607
43258
74994
15327
30427
2434
5992
64410
24035
2457
49431
98932
35023
51122
76487
52812
35034
96139
70256
75102
46298
3156
28718
46308
83172
8372
96481
97947
33991
46545
30045
90706
1427
56892
29454
40830
45499
20928
74478
79944
48759
2388
17022
97316
73444
76737
43240
66176
55725
5816
24077
10965
8105
12693
304
80949
15034
77892
85158
44496
55095
50608
5936
22194
76733
13790
24290
83502
8709
59646
68842
11427
52328
22978
82337
94602
99316
77187
11420
78472
82687
57278
41702
27045
28022
56895
71854
2481
40951
35406
92139
26732
85509
25611
24647
38077
54388
5897
24765
7497
8756
70462
13268
56913
11629
36926
5097
23889
13247
65233
12255
66954
26675
76805
40361
84056
8566
75594
67326
98728
8940
89136
7983
18581
75037
75930
9674
21445
59297
32111
7354
27711
47617
59842
97188
14399
81297
86264
68114
90132
58128
38948
18405
62308
12495
52336
54787
67878
83487
47423
70190
47366
95685
54904
41655
58928
74625
36736
21024
36721
55800
94437
51975
50753
29019
87206
83173
44694
8878
96823
49844
5121
27552
59145
79856
53175
23185
27447
89125
63698
5840
65565
63802
31857
96651
45222
65165
95081
35725
19373
90609
78540
89693
57030
61901
27824
17772
8866
59917
79335
62377
21881
2615
52724
39484
46138
86977
13278
1409
2454
74933
18343
22443
23467
38991
67531
87528
36124
86926
37881
46565
20524
2581
43784
69674
91731
34204
54289
72295
42213
68218
8602
12339
30121
37629
54646
67455
99740
74032
14887
60273
14969
58983
30925
72424
92458
60476
47898
45729
19379
89039
16542
86702
9194
80925
72431
38319
68827
56624
17385
24122
48789
44313
83384
85050
91733
72997
51552
20954
21347
68703
19171
28709
37428
88695
83612
56838
61373
31509
44022
93217
16865
21433
97092
96921
89868
12387
15804
55556
17469
57183
4068
12961
87263
69713
58470
50529
78837
19607
72607
8174
58326
88155
88306
69888
58348
49100
42151
73942
55329
54752
58133
70349
24759
24239
61638
52818
58967
38685
68965
29341
16660
91849
69187
86530
80067
32911
925
35291
96178
50824
2630
30794
58427
45760
51232
8957
5316
97239
203
81811
27578
87237
52416
58235
23538
71809
9896
70813
31726
62705
60980
63136
58185
88459
90053
30383
67119
75670
66799
83434
91421
35585
19382
21762
11707
81247
88205
89976
96901
13236
30135
58754
10187
98858
8238
42930
85867
52822
95891
12606
89417
41056
42879
31713
26003
3199
84245
91801
70248
98879
49749
31261
7132
8040
7956
40724
39337
98092
93886
79773
13079
84398
67980
81426
19140
98350
17417
1644
63840
70916
59180
11569
2877
59169
67309
17353
27509
37374
45279
60072
17528
55234
22933
95359
15966
29618
74347
30433
69274
68921
42054
44859
11199
80112
21020
76918
56430
62881
71745
83202
18200
21215
23206
5681
53926
11237
48853
62315
81100
55600
4689
53737
17508
88214
24482
22346
97081
63188
77499
33692
32774
74881
88865
72023
18847
92728
47325
60623
39240
43127
33061
92344
79371
5898
27121
97205
76596
28476
21165
87019
37108
82005
57433
41067
87315
65985
95734
56380
26300
55440
59663
14922
78028
89112
29486
81711
11634
38562
95903
45882
30776
17979
1451
37175
73161
11109
78594
45628
27926
46388
16137
76734
48614
69881
83614
47285
80628
4025
12410
99177
79971
52700
17926
56605
67229
93066
49073
18259
49716
35966
75970
67407
53987
59895
69915
35155
20948
33492
40022
83607
48660
6992
41348
87365
65205
20663
76749
70197
66292
67009
53761
35701
50136
36995
69468
32667
80977
74900
48791
72976
17429
90842
93421
88581
96596
45956
36137
5579
64436
60029
15584
12897
67075
41301
71
12891
51869
50420
82435
31578
5528
28503
46408
8132
65773
35973
74928
7616
43980
45582
58407
23292
25840
25461
47552
20379
33820
12782
90763
56699
63167
94331
29479
27277
92423
5927
13570
327
76515
43053
76569
68599
39789
67105
97449
77995
18331
37518
71833
92540
7841
26485
57517
84522
55382
51449
36353
70266
44427
27335
16570
13980
82341
68642
6981
23537
95766
68249
93649
91621
16403
42511
27493
87248
89388
32580
98225
68652
29552
11397
87426
8992
93153
57188
25493
68465
90983
27197
59823
94455
15138
41742
58400
90396
71257
99018
28101
42428
55231
66219
29391
32226
6095
24329
7191
62079
2353
88060
68236
98624
86779
19733
23552
85757
82147
18689
59698
69463
30268
1835
87865
99784
71056
57649
96132
31124
90391
80217
20640
33521
19132
69235
61583
61702
28458
49954
37516
31965
22137
39878
55807
24141
84306
22602
57873
4367
57173
72506
62303
98386
93775
25138
10710
60574
45383
71881
49757
95694
2728
71863
94103
21867
72746
50486
92176
99512
4410
74833
94924
9791
94547
41892
91641
31927
77286
732
84061
94244
83501
71178
88649
77265
54618
87080
34553
4896
86860
25556
52283
26697
29297
66890
93535
41207
20007
2786
33357
98150
13427
16710
30900
50891
67258
71260
95294
693
85793
77302
79736
36726
55664
22983
96990
99947
57396
74771
87358
79616
76975
83816
12464
4045
43853
58202
22673
26799
83156
90292
53992
88813
85209
67370
58846
43900
68602
13899
25035
88009
22296
18983
46660
22192
32936
19439
53724
47261
90971
4436
91514
39137
69590
56433
95188
20661
47728
44688
90658
63555
31910
9806
5413
65377
73578
70543
43918
6716
60753
28572
16020
89625
70474
76986
74949
1438
58067
50109
17682
8920
11204
79882
42183
32601
84823
52489
94207
964
34699
43021
85888
83207
24607
6418
40180
6380
43467
64036
18081
77004
26740
91637
79202
20825
70080
60900
82936
69027
64799
11253
50562
9385
53371
14416
4067
4097
44609
16731
80353
88979
98368
34840
75453
67751
34434
92743
14311
65730
83526
61708
58568
82324
7932
20764
11236
47647
30106
28493
32881
14167
30674
80398
55339
30678
42251
30257
11303
68409
83574
37984
67524
82741
17870
42297
90958
8804
14156
21731
11836
46808
93581
53606
68233
73244
7702
48319
1582
46870
32022
42255
33913
72150
453
97231
19600
30323
69786
82408
62380
69258
19955
17059
33423
74761
12626
12976
20324
52559
68589
88078
58950
10360
62992
54099
39129
62702
50112
2397
21584
9772
40245
63740
63323
54603
16606
47175
18911
15285
88751
93745
26680
72939
52862
50318
86051
77711
74250
63753
73492
6390
31513
25296
55272
7691
51261
80187
57237
30283
17029
99932
61231
97152
74846
64948
89916
35771
33518
17382
27602
49035
82921
46234
37307
63810
72983
702
4103
69432
48809
50918
63112
17084
47921
652
95166
46158
22111
18852
2365
15194
35419
35473
73298
93078
66301
74264
53442
88430
33090
5501
92143
79509
23171
97106
57337
19424
47046
57478
50433
62228
60922
72335
40699
99860
29422
71807
95535
55081
64916
36222
20318
45477
35051
64130
43098
30485
87569
1874
7310
67593
72660
31179
27448
66520
36538
31334
31715
77717
41878
55699
57699
34159
17331
75765
74179
69388
11084
69288
54974
56311
26666
99632
34010
10839
42238
95520
27341
46095
20805
62260
44648
39818
34376
84433
22378
83346
75235
26432
74848
15089
95156
80808
48568
81349
45512
33513
12360
92149
9300
45466
35098
45243
72064
90505
36743
26458
10025
94675
8207
42751
18830
26739
25390
28405
48580
81944
59436
65402
60434
14428
55883
22001
21995
41786
46823
40102
6110
43736
24793
25684
88717
58182
17479
56975
87667
49202
31242
23228
30167
39040
71487
87505
47416
29011
42988
75199
40842
68821
28879
40712
26159
80833
87154
17942
26618
36979
31615
29833
78323
97672
93562
80229
70212
72747
83118
84090
99559
45934
70585
31024
76457
10728
39500
19808
91972
25300
80252
69565
17234
51113
91120
16807
27753
51259
35116
97217
6244
95027
95167
92965
68540
95442
98499
57114
431
50138
4466
78297
97480
55158
23908
54033
84509
42710
12564
66784
63362
89590
57830
97638
71784
47355
2904
23106
16638
46932
90824
82365
8551
3515
82516
35372
29933
15186
16392
83391
44312
52778
84429
99819
61092
93112
98682
85762
87593
92331
50042
43874
72936
65355
12642
77176
61394
28754
60203
19944
3346
31168
97196
7474
9713
38570
40259
45275
36148
1940
63029
34311
46176
2591
5427
24548
7945
51512
39267
10596
68113
23262
2659
25370
4128
7282
25841
29828
74464
21304
50253
64812
30009
56550
79415
95047
86880
75049
56144
46686
47734
10894
48888
32012
2882
99451
84814
2091
76661
15338
68974
52213
39904
46527
36921
37291
79574
50643
16388
65626
26981
11290
3100
83587
28174
19819
94808
15692
8324
63991
81655
5363
12077
59335
98888
7040
28265
83093
82769
49703
35164
10867
59523
52602
58910
91983
57888
94798
32046
49585
39548
83747
90730
92267
78488
56635
94462
93658
81480
24678
39746
20652
67261
1819
94114
28828
92832
942
7730
152
43336
6108
78953
98905
68937
88417
20024
43715
70430
46807
31010
94854
91953
47602
93061
60158
9022
54104
19489
12023
34191
72618
1666
97279
2872
20242
6370
18258
18570
77822
66448
78786
85758
66141
75645
94651
82152
25034
79291
20491
60067
89254
54087
92524
86226
52200
92757
28487
13983
86026
51791
15028
33285
63301
24720
68772
21685
43963
13057
71766
94608
26518
61813
44733
58762
99080
59766
34336
46079
665
20126
39751
65903
71643
48407
74369
28829
90813
84849
17140
5621
34549
82901
21226
14187
4324
71352
71511
72389
96519
95243
61076
5537
81
88584
93971
4887
95263
20870
4536
39033
25210
55269
18864
30824
32641
82214
36456
28445
17301
56512
19843
1271
36752
42933
67898
3412
86032
89088
16533
30439
17218
43670
22617
10477
51289
48874
51423
13781
58736
30852
2546
60801
48665
68230
56209
17522
27204
17943
28890
73450
38973
35522
3788
20188
81700
73517
9550
32019
95714
92992
91345
84673
36862
62424
37506
73141
14703
14365
99868
76143
17867
5926
43168
81534
99400
45344
49241
36619
91481
20994
8581
45237
56368
43030
47196
42364
61767
75570
44765
39251
21777
78930
44801
65918
88641
87774
26585
80726
45300
955
34036
45859
64755
12403
20308
55266
29937
36781
39973
21027
46872
20297
84279
48442
43237
19876
6891
1898
20381
49477
51706
17659
92668
92000
91645
66752
15844
36287
3874
39069
46739
9213
71636
79244
29739
2427
2513
66358
27514
90559
81445
92680
51380
46696
99970
23240
62533
57155
33415
3648
8079
50392
34727
84659
94141
66718
8946
53267
37872
77410
74363
41707
87207
15659
46474
58533
54204
27386
87012
51082
46536
85452
90989
74040
30349
40835
25760
92966
69728
76160
595
74042
64109
56161
87430
29107
89265
32872
26660
51282
81293
54065
23712
19434
33425
95727
78072
16149
13147
97319
21749
36597
94259
44707
9503
43170
75314
88279
57271
98806
7566
31279
65127
19571
76637
60849
40715
58401
67565
30347
12030
22336
99493
98145
65270
40602
50222
90632
77724
55169
7303
80543
90431
41648
14959
82261
32389
79220
85483
13287
50794
84012
20217
58800
52514
31402
47726
68742
12485
22785
44823
85514
78206
58841
43305
16670
14043
62231
76145
30501
99305
20026
53109
92488
40813
58898
57450
92453
88
31853
10053
68554
32959
67923
97058
39398
53152
83486
60583
85459
64976
93684
53295
12868
61680
56040
83437
88219
10367
24704
57823
26290
32347
62515
28838
51414
43290
99566
23953
80568
44525
63807
67414
32079
81611
72667
80563
79247
48981
38878
45748
7898
27351
75961
32864
61044
75377
61811
41106
40255
33417
36068
55774
35113
11309
13520
35561
8976
88077
52367
20726
31717
16983
95824
45218
36887
32945
82100
26847
24818
11342
33946
28390
46775
12501
73228
214
25697
16473
21812
9564
77977
63837
47808
27828
56957
81257
4752
91402
96480
8178
9899
74941
18267
71518
74273
33333
57849
2732
57875
2797
70738
77734
2837
98259
27064
43816
25883
2687
52241
19726
93058
78292
42105
26193
39934
24155
39542
70539
41839
9008
59784
15241
91778
96196
84123
74410
91304
92700
79970
2829
86071
945
68331
4204
93405
81046
28670
55889
58426
5475
2726
17516
36256
67125
39382
89605
99015
49106
94877
31839
68927
41363
45776
86823
31314
66864
27080
44574
17457
50041
80141
27464
41192
68047
43312
19299
53427
88530
46100
89149
65272
36075
39597
978
88350
39384
4487
58380
94281
94892
70495
83226
23379
3805
62322
94581
73418
72299
13204
98267
31634
70985
40298
50329
56153
17351
48192
94483
60620
21443
56679
50261
31593
4270
80272
20204
53994
90048
17248
15534
71570
84171
86038
84870
59460
62218
91028
37698
39661
99384
57024
96101
20671
40644
63509
32028
67695
55853
48415
78604
75449
73614
45083
26373
7326
93828
96032
48461
5797
98508
72301
61684
59831
827
69614
46187
62412
48554
90581
70661
35401
72421
7811
34107
77825
98502
75051
66345
15182
8082
69689
67609
32141
77278
10977
69147
5465
9771
93831
60410
5019
69994
8797
47556
68627
30614
18667
54975
12086
48381
76579
14445
93341
95751
51101
23738
5010
4348
96068
34002
65447
77546
49650
51819
65181
46883
62704
83506
7943
29793
77628
7371
94648
12281
85082
40391
65209
66621
80147
10859
2771
83196
18850
67481
18892
63376
59027
24690
91109
62663
98926
18376
19127
12274
88249
96563
81174
35733
78663
50098
63239
12150
91183
65006
36809
990
6222
22814
15153
50275
69169
91679
28465
39249
2593
20461
7654
19211
81435
5854
45836
20218
24520
63025
82571
15062
93413
32015
643
72152
55878
76700
49905
68068
14856
23868
85516
46677
85048
26845
75676
15915
63359
6852
83761
35353
28556
32528
79494
28555
12325
22293
15154
74608
36562
86706
94755
96801
36613
62712
61159
72823
11264
70003
97422
12507
96807
75832
49415
75821
64513
66495
33530
85032
34382
1655
64767
47685
70153
67336
84871
34796
89033
45824
62686
82471
90155
80539
58578
13497
70794
628
74422
55325
65995
40312
42181
68568
74325
33239
64816
80139
87930
30182
55859
97710
1928
51410
90880
31616
49266
55700
88862
52873
7185
46935
3104
83505
48613
38751
69683
74777
57121
18829
38849
33523
87404
19165
8619
37391
92531
63667
47177
86121
79422
74740
67502
89647
72623
7716
38950
17545
91647
27520
47663
39374
31954
82911
37992
70321
57527
29097
46813
94988
60515
15520
34646
63660
3479
85771
88850
3235
85035
56751
31767
64550
66432
57161
7357
35598
25674
52718
95698
29042
81353
77530
50033
53708
68263
52551
94574
7605
13132
70277
25612
350
4934
84422
70895
60143
8535
74640
15199
54547
42169
70017
85392
71291
58933
2215
86505
31294
57981
24827
80499
99278
42022
78399
51049
66940
47028
9483
90130
42946
23664
96898
48336
51785
69049
23330
92930
89689
45921
42638
56233
21428
82553
9613
89146
41469
8379
86488
11160
85648
61876
44404
377
53305
56158
89295
90550
71452
49882
44203
80164
30119
19268
85650
39712
19980
56115
90965
67402
30388
44655
79760
5640
64891
30474
55361
56456
90693
6750
2247
16934
53792
69531
66446
94072
94873
14200
85076
83097
92124
4114
7428
22085
1612
45142
3473
56043
29820
2007
40154
51692
49444
92952
70524
44038
70596
78020
15314
77145
75957
158
13504
37366
380
56458
12720
64614
1895
14888
95489
85257
50858
60733
32765
61336
59345
80106
97949
48716
65744
26264
26292
2532
6781
98633
4883
26498
33394
79577
68310
76069
84995
76262
96145
60933
18886
36424
61023
81458
26452
42835
86936
97351
84442
63303
4295
43361
34019
6593
13630
17800
11081
79609
31254
84465
43787
74841
52380
45236
93079
53640
64483
71353
84006
90319
90378
67679
79192
72841
90502
24612
66661
870
29122
90389
99950
28988
71528
44966
72818
25318
28305
46553
56712
97707
3028
43611
40710
97075
82078
52491
38529
19949
53704
86994
92860
91248
1321
52116
41886
71489
95556
3711
6286
66114
45311
40740
55424
52628
40930
71370
51238
24769
17760
88152
89996
83663
84277
58978
98240
39391
75533
54408
37794
65508
12572
65492
49263
14389
91082
73511
72250
97967
79383
63420
56131
60790
34357
98604
27321
5655
31266
99855
85898
28772
71210
8793
63959
22334
57807
48233
22903
51063
69597
46245
49947
25241
25072
23858
36588
67255
79103
98605
35229
56749
2183
12705
44080
30980
17758
65578
70533
97614
85824
75643
90640
28462
92569
40694
93884
49913
65366
42349
11192
3547
84802
64232
14424
73682
81043
48101
44474
60451
47952
17158
94465
44273
1776
66240
32874
48464
46059
2455
41937
4582
65818
39132
65661
90197
40811
93816
84186
56543
96625
5688
386
24203
84950
98041
88620
50314
39232
58638
98155
4666
40139
63869
62122
77453
79846
37207
48691
13945
94641
37678
54944
84896
47137
68761
98065
48596
83737
82273
31031
57005
63449
47447
59321
26459
4756
78793
48610
48763
60894
82218
13743
26494
81540
45722
2190
51455
58032
25842
73531
81192
29668
74010
48543
73204
42301
96525
4256
13205
83465
62099
40169
76506
42269
21860
31915
25593
25777
57011
70858
48279
99949
94306
2717
73805
6692
49961
87704
44121
79444
61669
56586
44353
62718
91749
74782
70433
81618
84614
55363
57575
57441
18378
20276
94818
45129
53730
33181
63144
5038
91786
91281
52650
21340
13825
93565
68351
93059
28996
48217
86896
82779
69739
35446
960
45214
34828
58078
99952
2186
67216
6144
22184
32416
174
10436
44290
24117
50157
85830
71675
60065
23089
42123
19796
13806
63518
55777
35924
20014
48364
5494
54399
75764
1317
41827
60417
85936
4044
91726
91388
88349
10691
50029
96556
91252
64249
70385
34891
97356
30930
23156
81906
12146
45216
19782
35367
32876
64806
60719
14625
80096
80776
86194
25609
42577
57000
53846
45385
90208
77958
3673
92590
2846
59057
78657
75522
289
71798
43841
14450
96001
87071
31890
73863
37012
93822
72792
74921
88568
75211
86069
58234
46291
48160
50482
42576
85928
80574
59186
85529
34150
24246
62951
31663
61866
58658
21281
26612
58931
43889
6573
58289
55369
76666
57368
71926
82771
43969
12535
41625
23453
90408
89202
81823
74997
663
86155
88136
7193
67967
16783
13121
40231
55849
70459
52295
92937
72089
51223
14678
91017
87476
96194
83804
34499
26633
10761
93417
51347
80537
30181
18572
70665
23398
53456
9351
12277
26897
5092
3728
38493
78506
57553
62337
37792
8568
49797
30655
52026
13290
93961
10230
61791
67111
91308
30042
88703
88688
33776
70287
68374
52192
14484
9548
75192
99953
59220
38519
31617
68008
14976
66802
91823
97803
49277
54822
97042
21583
82339
68142
57020
27773
30309
93686
72695
84891
62618
14205
33589
10188
83822
19558
15963
88890
76350
32209
8787
28661
90397
92305
30082
88712
82138
25441
57347
32298
19713
26064
58753
24092
28472
69570
95204
15421
32659
31774
19017
97519
98820
69540
16421
93833
14176
12192
82941
32403
20173
9078
29433
46630
93751
37268
46830
38613
90039
8415
37075
88006
12525
7867
17015
93759
12886
66209
60286
22094
3592
51859
49047
45806
21043
44358
21295
72402
79697
3417
79224
75110
41611
6801
29090
58473
55780
22657
2296
97187
53458
85706
59464
18088
17784
97571
20357
94560
85781
85904
1093
11613
85527
68076
7952
13283
80858
89206
28403
52939
8607
14656
38927
47618
39304
92188
48737
2052
75026
46374
60844
41982
32810
24559
23287
28768
83631
92158
16364
94770
30134
84394
59987
3308
60561
6681
47906
31558
50819
34823
70540
41225
91036
69196
82667
73237
20835
28436
32405
23473
94067
41687
88910
39385
85045
95360
47260
10108
45443
65983
66010
45734
93143
80048
38938
16497
50844
56255
6374
12101
98867
40574
76371
26856
24051
69535
22027
99014
74487
56864
13730
85370
97068
16848
36067
85856
71536
45901
88161
23286
36649
34624
77189
2167
24018
51509
39258
18156
40911
66694
38261
59380
18855
10893
31995
20298
91976
16173
71207
97193
32267
21064
91231
84127
37249
31134
49896
19715
10321
50199
20933
33537
58107
85461
95950
21924
42599
43503
80732
27649
54361
85294
84894
57033
70469
4152
70555
14171
53028
13610
24535
24179
48529
32800
37064
42948
78807
83847
22358
19929
69604
83389
59962
79108
37894
74248
29574
87747
89990
30909
72945
40220
75902
55892
68041
34529
37640
73182
29554
85733
44173
2879
45444
81677
18938
93248
80581
34332
87894
61059
2680
74629
50122
19880
38759
67646
77763
76838
74600
84755
99898
95320
53982
99728
59604
65882
51491
61466
23362
84876
35508
44953
99029
31233
15928
16658
27918
34834
26483
56984
65714
70139
98574
51830
47125
60296
661
15217
92922
1010
12779
88656
88228
37451
60705
10866
81710
25576
99579
71764
90755
51806
58556
88489
83573
6602
96817
52011
37331
2222
97609
48586
90963
77674
90509
25020
53600
31852
49470
69343
97435
19170
88693
91043
21248
27395
97642
71251
24338
10861
25149
11778
66069
99762
31881
1378
49960
20605
37714
50584
63116
46718
6626
26717
39696
81371
90630
93620
2115
55923
36282
20470
18780
17585
88299
33494
29023
87130
98309
19020
56685
58013
60967
36710
80140
30850
20255
35869
27200
20083
9832
89948
9988
63384
93917
93122
17786
60365
43947
92823
83652
81951
48059
83285
39546
1564
25511
504
62767
36785
62187
52579
43679
2962
3916
16502
99120
70323
6487
14605
60778
26011
58816
90347
96370
45079
49733
3314
76034
9107
60270
29003
51141
43368
67529
13746
20930
27183
18334
29506
71611
44898
59567
83852
46093
77272
35458
18728
33945
84736
73304
2969
29907
804
78856
87215
35768
94336
81139
57391
25256
53517
56513
12851
31937
60817
43433
66537
34315
34702
18513
54577
23501
70866
96034
81497
92889
1060
91489
39367
66536
43669
11924
83583
24024
80037
3288
79004
64612
23923
49074
32382
13759
57125
11373
25481
63189
64197
54524
90669
39761
70463
16389
91660
81357
5879
43239
93913
10033
62160
14833
41103
7397
71910
6
40068
45533
8923
89768
6608
45402
73381
94890
10698
25701
73666
24664
93276
42821
75343
47062
42971
51199
9455
23938
85503
57941
81035
23590
91559
57413
83152
60711
73938
24249
10617
23505
40037
38356
27701
36454
80328
89914
80624
75719
56518
72595
84554
57293
13795
86832
49707
86145
22400
49370
98015
50298
50701
38850
28259
70902
36934
55085
839
74423
92788
60197
73109
6122
95029
82658
61157
78878
27893
27471
82290
69351
22446
44108
96165
60812
84415
7968
27294
8807
2495
25344
55931
60258
11064
34695
297
15397
55639
69154
75875
66563
2952
59201
58130
25677
82607
87663
79451
78951
54988
57026
31190
74003
32859
6492
13770
91122
86690
66336
92551
6079
37552
69424
97176
80475
32649
38196
191
66365
61135
4905
45819
80028
17033
68615
32666
52226
12234
1088
31476
30110
33187
77963
10276
28867
89485
18453
68133
94655
45941
4652
18003
15410
32965
26463
85709
18069
5402
43572
26768
57977
93723
1128
14817
35084
16954
45307
41752
6521
86122
29960
70206
46032
5504
6153
44380
80978
58069
42445
28813
86885
49530
56835
16997
97372
96575
5667
19049
63811
5319
17011
64631
61161
63435
68080
94911
87096
55018
13919
2843
70423
55706
78858
32721
28389
71843
86938
34062
30825
88442
12956
67190
66902
88452
98626
99900
67633
29615
29503
40980
8354
77095
22375
49515
42474
49462
95417
32521
73401
62684
83797
61099
93697
52681
1052
29585
54208
13588
57353
62536
67794
45865
96944
42229
51118
83971
53561
37627
470
92673
51656
10066
37092
82436
856
53148
13309
41123
4054
53752
73265
55885
38839
41923
83235
86725
77719
62968
42605
75722
53754
13813
25675
2944
11143
45770
80451
29543
78346
28822
52991
5003
4557
40879
19349
31246
43781
75088
99969
72355
48628
33356
47914
45286
49578
9082
75599
77350
92658
69519
76676
56999
30871
42377
78520
62324
94190
15414
32841
48170
41806
61215
9497
80094
86753
70304
64210
41749
75448
46842
13892
95521
43674
11425
93727
84314
98194
85265
49596
49819
57788
14644
36768
31174
18755
28171
35205
50700
99839
87548
68088
65633
37651
65906
75597
29738
97856
90906
48067
94061
33638
33169
92389
6316
35563
61650
7608
54318
94401
62064
14021
48619
59350
42905
54327
29141
45205
30583
54378
45119
18925
86987
66405
69913
11509
25848
3307
96391
5188
76470
50508
27669
41005
23305
32212
3754
61843
9529
59870
81963
32197
5062
83328
68597
42726
15857
66599
17405
23026
66844
72403
45374
11786
6454
87756
63912
21785
80080
60489
53466
96636
26969
13019
92380
48197
16791
34391
87851
12964
30775
4978
85476
95680
98612
66471
59308
73684
17631
36682
13447
94642
37125
82963
68534
98721
43070
33651
43878
51387
15454
6557
66901
28122
21289
14201
44625
77796
55584
53596
39721
4238
98547
5750
5487
81957
70855
82074
18515
66514
17860
38965
65259
8136
63905
15980
89326
99940
26141
87749
1899
19130
21735
88510
7764
46000
40905
80243
37226
46469
64584
19230
77937
640
89865
65529
28790
58648
42812
21460
34877
74552
19537
31537
7970
72522
80102
16440
39255
17616
67746
60151
59918
38746
33547
20286
47056
33335
5325
5557
18056
23358
5438
84655
40184
57524
1591
20693
362
72348
54829
79366
77002
19718
57008
151
96382
24870
98649
20542
62864
93599
11133
8472
54511
88633
30053
45395
85829
17597
58169
31582
31515
63789
10539
74574
47708
1234
64823
27744
13230
36115
16780
63992
55594
13226
54450
253
56882
72712
16605
88763
12424
40851
39824
35526
5565
24452
72932
24405
27922
4022
14701
87849
27847
82401
73284
4333
46601
38124
385
35075
14612
75557
94271
45266
2589
23742
55255
11134
95021
93274
81311
9999
44897
74992
28217
6997
78087
7706
39415
68535
49204
10752
41028
81053
71780
18016
93084
2250
40309
83977
29942
49881
2787
1315
24641
75543
91656
45684
54270
41951
97616
68003
92273
55816
20611
62217
17887
51222
62635
40395
35674
52038
70354
58720
85870
93442
24905
84482
85917
98424
38821
79693
66878
84294
23339
38526
95961
41673
99365
70909
26439
88973
3336
16679
35235
13606
70175
51638
31287
68895
5065
57048
15934
52686
39523
38184
74849
92056
57965
4956
39136
29258
89897
20529
44239
70074
44110
3965
98993
74617
55612
13639
9923
71730
96274
73448
19556
93845
57838
26495
40149
35796
56972
94863
79121
77263
21564
45227
68132
32589
5716
61902
19984
13010
80247
11574
56666
4710
29203
46287
60408
26438
61128
20779
46774
52442
265
52155
11313
75983
2149
94275
28761
16824
73006
83410
87723
32933
79531
3782
54382
75415
2676
74515
66729
64791
64670
93171
73877
86500
97399
45134
52938
31405
83472
11690
73522
62753
34218
73827
61626
1537
46973
50561
59697
95872
12675
30467
48757
23460
76619
27120
75681
84195
64524
39940
98186
1499
54924
95697
29421
15133
27211
38880
98351
27124
70391
77427
61539
27002
87415
14587
41971
79946
42303
8933
40346
27917
83033
92683
16296
30919
38744
154
73632
20845
86049
95087
41105
90456
15174
81989
90749
64304
70353
46050
80968
4177
72975
89490
91795
58523
77544
70144
66109
38970
57655
4583
78678
56184
98193
28322
86356
36815
15185
94934
37045
74791
15404
48753
94705
85240
89403
45979
91554
67872
39701
10218
94891
73971
87373
34710
11541
39821
70079
20000
28819
20464
74376
1989
27331
1102
84038
85815
31075
46950
85900
10505
91703
60819
9251
58132
80595
89320
6461
15006
27725
76459
57560
80400
20600
39075
77324
35118
75159
7996
3069
2729
77726
36103
651
64387
27346
13056
85325
3394
76279
57440
32495
12038
73777
11999
28569
90373
38065
3124
18696
56277
62257
60764
11847
4894
56494
12813
59880
79018
70408
62719
68033
93734
12727
49307
31928
90202
91941
45851
79571
91285
66386
50953
58984
82016
90924
51406
67000
93468
88485
6938
98353
96971
58878
31446
52321
53020
46134
72397
39256
7351
67683
91133
79766
68693
16891
98136
55997
24414
14236
19129
20880
55065
72360
73855
83770
11231
90128
52746
91274
97054
2970
26654
74484
43203
4724
21324
95816
47940
35165
11823
44461
32418
39428
83996
37254
25180
32374
39024
90240
53261
82052
79021
76589
72208
84157
94681
57165
71389
1008
68992
55914
32642
47229
65833
93063
56039
46441
80414
1764
35767
9264
2623
72245
38585
81836
29519
98693
53841
94241
35565
31300
20057
82048
43507
86960
42966
78838
50241
46393
32622
66229
88054
904
49254
67955
97973
27412
47102
10862
22993
3216
23369
41864
33526
17872
66389
55340
1941
51606
24721
55832
81809
53122
50987
67594
39369
35010
25402
6044
950
44231
26955
89232
50956
49874
94953
95769
67506
23236
37914
84714
47720
58038
96672
21374
6368
29810
96731
74400
79537
58734
93292
18904
11184
38021
77141
22818
53069
32599
6933
66049
23006
74699
34575
5839
42485
9787
96869
41008
35993
42876
15361
26945
72091
43633
14042
44842
50077
36253
65207
85680
14249
57246
1450
45188
57554
97721
70779
94572
7995
27635
637
62267
17538
89798
71376
68551
84208
10361
59278
38996
82067
38748
1117
5649
2001
11210
80805
3740
37871
2151
79934
46961
65690
20509
20232
90726
99180
10403
4893
13829
87533
69737
62370
56373
90498
91373
20754
28942
76576
32520
93896
56520
27999
14085
47267
82459
97534
92801
32194
37078
34910
50141
6598
57422
74358
4824
90588
33674
33043
77603
29936
63823
99053
46666
65513
56337
90443
34479
37286
44747
94099
55933
28255
28038
41195
31465
30152
6707
91140
97769
77927
7999
30977
16884
23290
17361
56196
50919
62429
10158
60322
88661
38087
2886
5834
30278
72294
54614
12169
10838
27487
3149
36653
20437
90073
54350
79648
56452
53941
12635
83373
28314
38902
59924
62449
78417
47337
8417
2824
92250
51643
1235
48367
12303
64571
2193
46705
85767
94087
7453
48341
70498
41161
62072
34693
3285
24149
64938
48122
62088
90937
61087
65813
7916
15055
5552
98052
69362
70419
80649
73734
89618
75297
14260
89577
27030
73261
23899
75076
26417
37908
66533
21798
15500
7534
72422
11054
53745
69217
21963
76704
59886
28972
90953
31306
5868
37782
58244
53738
60907
73078
88245
58015
99309
80022
64911
44882
98245
82711
84539
13485
21528
25616
52714
79740
21725
32926
73991
21232
87791
74664
63917
69678
21089
81478
19453
59810
50882
489
66684
81725
94029
73477
79200
55821
6260
16866
19030
78799
32213
99380
47812
84452
52142
13884
65318
89553
83919
55629
68015
30146
50860
90942
50265
7323
23373
37961
33871
66678
41170
17500
98586
67019
93601
90984
27086
83046
96323
48011
35277
74624
6709
93406
3638
60493
78898
87167
29919
25042
6486
39092
50775
27095
5221
60488
3208
60836
94807
34560
82841
14846
36931
46402
52486
26281
20905
97719
48951
30327
25355
53112
20807
9077
35123
59942
58716
89203
37636
99291
10753
84819
96395
3471
18793
65701
64520
54706
7009
45885
3555
61443
91570
65390
67305
22045
99230
97676
37679
97831
85707
37220
91223
43825
42892
41629
97535
78270
93860
89616
71017
33861
73210
8321
83302
25527
69499
2099
37597
78271
8032
32962
80350
458
71057
24451
66654
91433
45416
40908
5314
27729
95956
2164
40324
9642
75975
42249
81465
53867
73305
48416
16460
38295
52998
76667
68991
75595
10007
35848
58649
34415
3002
89952
99605
24770
82018
96026
26681
8037
9927
34908
23526
35142
17601
90804
87285
51465
23980
45160
56474
4434
9594
23174
23691
50962
59672
38554
42133
42034
42559
69743
76420
8072
62930
83201
157
91498
49433
47902
32862
1623
10453
16046
51586
45745
76173
84943
66665
56310
33899
92295
21840
31400
60536
39288
64707
21699
82508
88172
85993
66666
23660
71561
54177
31547
26827
93814
12783
68977
44826
87118
7313
99845
11717
73860
58527
43584
88594
31724
22108
15342
46547
57451
51841
49910
5298
94185
3287
22432
38352
21401
54323
86361
1127
36376
11553
59526
44778
28692
41586
69334
67869
69080
62987
41267
74008
12650
1953
12060
88822
26806
40270
82627
77466
90913
53515
47093
64558
22639
79313
58328
5511
16165
97278
57862
88250
58446
27565
7635
25063
29914
94415
83324
30130
30691
35753
68885
62766
21191
80760
32455
87881
79885
47404
13487
29498
82955
32999
78275
37967
82523
92851
60125
96345
59649
10741
86046
40891
37349
63374
31600
42470
36364
31336
78784
95077
49161
82792
22033
84932
25429
96054
67084
7851
49771
72030
43829
58481
95809
68071
9086
35620
12123
63072
41925
56381
29803
62815
98907
2475
76241
20351
86070
91497
74551
40448
72141
22521
40625
24355
2807
4010
61608
7067
13099
87637
39025
37294
40219
39881
26621
91096
77097
82789
10055
40674
95270
33262
98741
73826
77771
90767
33745
72168
12987
66803
22686
1119
2981
68248
6171
96183
77215
67807
81873
80401
84817
62731
92050
95174
65357
45818
79215
15059
7370
59433
13506
40565
67944
84052
66220
42769
701
67448
67596
99984
66974
22295
91111
51659
72148
91418
61887
22267
14264
73092
51358
56070
77894
77045
40500
79080
42535
67953
10259
44408
49879
61367
8106
61118
77395
57698
19655
28684
48436
38971
93247
34260
35011
20656
15981
52645
38331
12187
34991
69464
67430
71346
1442
72564
97053
75906
56965
73472
44104
44317
20851
52849
11091
70099
17939
93220
97154
54036
94871
42569
92126
14288
97889
14558
76052
8175
53384
96621
11749
32584
3430
58329
83015
58917
68402
54785
58064
60424
52689
44253
46981
89819
59191
40431
37403
16062
46018
91462
5594
70178
71629
21803
5136
44849
30951
56349
22382
75361
91822
7949
22646
87235
57617
63715
21305
34326
58620
22087
48362
71936
58714
87408
2595
95801
53180
96997
99418
16445
20703
66515
4303
82890
30200
68422
38476
69483
63022
75155
88432
68362
10373
5075
30378
23033
4539
79133
61147
54956
65276
61629
46595
46389
71705
80863
64198
39931
29917
67469
93835
58092
39897
2224
53263
37043
26931
88860
588
11788
28605
48308
32593
56021
3943
24415
65025
82089
63276
21865
92513
60953
56270
82163
28525
766
86185
25756
36373
38815
29494
87633
18048
57911
77170
91809
57898
85399
69673
22490
43542
93116
97126
73898
5623
28951
88532
16423
82019
84553
46207
24289
28698
11893
91680
80921
12320
72970
93802
81177
62674
39346
6713
94129
79456
51824
81164
49290
64385
40918
24499
7140
46376
19487
94728
51424
86461
10890
48883
77098
74342
11614
13461
38546
86001
27604
19065
8296
60031
67667
80155
73268
45072
60661
44350
32322
37280
45958
41836
46728
56365
99396
43181
86123
43229
35415
52352
25167
18535
13592
54432
34480
5197
96995
65836
38984
69099
76422
6131
74029
63943
30055
51559
29286
35049
52625
5272
66473
5997
3721
6909
83043
30244
73655
72981
23345
39605
35438
86206
15709
70286
63530
51734
92206
32249
30073
50310
89782
64847
6948
15607
50345
76973
74937
31152
76175
55596
74392
36884
39880
794
28443
45094
78162
11864
1091
82151
49130
4587
44541
45907
73249
15794
70925
69384
26110
21942
28355
67363
47619
29133
83128
51144
8764
40329
36021
41298
80476
97961
88401
26472
92460
15685
22504
344
66370
90421
60918
7678
69286
95310
38419
5721
34388
46048
23599
34667
85226
48622
38487
14469
58827
55895
4821
90909
96659
80263
75535
91784
73850
88730
22168
25114
68449
64408
72542
24626
57498
28582
28228
82885
31413
35603
6611
89880
57276
95345
84323
32652
62381
7621
58842
57672
28162
83127
94166
10302
77497
8402
6459
82234
83974
69403
52381
42274
78513
86817
50789
34816
79316
20637
13004
84211
96234
81718
59494
91802
26205
80339
47238
35572
67901
36018
26988
12617
37279
43520
23803
16951
77861
61095
15488
81290
40889
47374
90709
47320
9090
70548
41050
9890
58623
79142
94859
47304
77593
18972
14511
71982
86922
72212
78590
50873
16775
53024
97325
24567
5873
46692
76164
26769
49965
14148
95098
75777
15610
19602
14773
96216
27474
32970
83865
98966
98958
17525
71186
71443
87951
52880
49000
63250
23072
33787
64401
19475
55428
49625
39747
86601
23977
44283
80575
28202
12445
92751
31718
54759
14539
39988
31226
11089
64809
85891
45908
80029
69681
97577
49423
53440
69708
73200
65425
85876
61464
69349
9224
92294
47006
86909
48492
94813
98520
3259
53894
97287
34213
82989
22988
63640
80304
3565
92089
671
75417
95907
59965
69306
54015
70885
86923
42581
68745
2341
33959
73560
44832
83482
65924
36883
27796
13143
1358
69983
2079
63744
32554
15040
69797
50183
46734
79788
37835
2330
40365
18619
19455
74790
99627
30398
33658
99930
96653
80964
94741
9745
176
58443
74336
10811
16032
92169
75351
83282
5743
20983
93203
75217
21509
22326
57538
12230
58193
18777
89169
55461
5076
51927
1562
85358
70120
49394
38869
39602
15246
72825
30460
33340
62296
77539
45372
96082
38459
66057
31119
5676
89866
38868
46962
16085
88201
94786
57519
80305
35453
27163
70395
41260
78742
88525
83594
82603
17742
80617
54560
8189
83082
29046
83149
55934
86394
38974
55644
72235
65403
18444
19083
98792
56348
40623
2255
14649
74835
73921
87459
73895
91101
48149
96669
95039
1983
33174
8966
34737
86058
32058
22143
83925
47856
37229
53622
92546
41776
55047
2838
27515
4090
34738
67731
25537
15470
83123
51272
93325
63786
5835
42954
36658
1945
54545
37772
4244
55749
42420
68275
59701
27818
60514
64173
63458
86149
89660
85784
262
51820
10926
47923
93877
78144
29844
50481
28539
25141
75379
3414
48831
99971
85850
2775
55705
9047
10840
95060
59671
28585
93836
59083
22925
24173
7891
46680
83559
94933
68590
56728
50823
10378
29216
56993
96335
21548
19665
56130
5574
5865
23091
45303
73255
52209
40839
58535
59668
2781
43622
37880
9933
90344
21213
23208
31281
8050
23334
79426
54943
29550
73126
85981
73357
33162
48305
92616
32164
95755
59306
52134
98909
88779
619
62408
22169
56280
57720
30067
58952
25128
50847
61174
26705
55739
36034
69296
66637
9024
57887
1632
64230
91730
22710
69529
31572
86769
62032
31364
4266
63378
44085
43602
10532
42743
29175
32637
79182
14715
93333
37770
20469
2870
70520
93699
29634
3935
68514
20355
41158
96977
57753
93566
89129
16220
26594
21069
93580
13845
27919
98735
17557
73889
77687
33520
46449
92768
87119
23295
81751
27488
85430
48667
61325
73997
1431
23007
91859
42289
28483
28450
67840
77811
21868
7339
18342
18789
49647
43855
59623
40641
56076
28515
37791
31874
79172
67909
21092
44334
67567
88208
47455
67639
26935
12318
3278
37673
7857
40300
94812
32688
77194
874
997
41164
53145
98301
46875
22216
66450
54034
65037
74717
68065
13808
80746
66501
76655
38376
91069
3466
35183
34206
17819
15943
86126
14093
84143
47712
53679
30029
72998
54561
39266
29925
48473
37202
43205
4657
8684
13828
41621
62494
53929
91612
54529
88606
93959
68866
99488
96019
98115
60541
23051
69323
81919
15672
38841
30957
86341
92785
74199
86830
42141
75586
61886
44863
4515
58355
86210
86763
75195
20769
60645
72111
72982
54055
38482
35742
40877
15250
75451
90551
55592
90100
36762
85400
86688
90393
37654
22300
83361
74967
22577
58700
4638
64528
47788
98413
42938
63010
90069
60357
24218
14595
60537
72099
90912
18120
62265
93726
53098
55308
89272
55162
95688
73986
87021
51557
90178
94315
31244
74019
5369
43895
45797
72167
62713
17189
10987
33765
88752
6637
58068
11376
15614
70856
59349
82988
5277
24403
8209
7378
71153
13815
70687
56106
78268
39837
46895
78240
22393
84132
93155
35800
25131
62426
1408
8739
57740
97359
82650
74320
51061
8575
10400
64994
82051
6114
97702
87105
50360
47122
76010
17785
79961
60544
7045
32579
96770
85774
80405
11922
87869
13609
12582
24990
83463
18239
32760
58964
80210
76383
72411
14162
26043
58853
27325
89080
70530
60675
75658
36775
40526
96356
82162
12862
13827
3993
93198
32935
67885
43472
69650
31355
51006
48237
80966
9827
1143
64070
43028
22089
80267
77017
71071
12728
81320
29024
25088
94152
78359
1934
19704
97845
96420
89932
83542
26619
93296
4331
93347
74053
41549
28492
45935
96191
9930
90894
51323
50800
78636
77028
63266
3272
2502
68303
78088
22592
29566
39375
23982
27186
47147
25244
31361
11008
70801
20733
78988
10069
50727
88012
94887
9383
99001
47823
84060
52750
70603
6934
75373
44422
92810
56821
46046
61530
35452
18130
32054
24950
65665
20889
73944
65010
62167
37522
72694
99489
8674
93785
6448
62277
45698
56204
24730
69553
2172
52571
73659
5491
80929
15707
68759
12188
33631
29294
65257
54498
23337
17004
63700
15740
67628
90204
55426
53510
74251
23323
1527
88533
1489
61267
29323
22219
1395
30432
52149
23904
51397
39611
59383
99524
88645
77398
54372
33242
39999
56309
24766
37676
16969
38460
48181
27742
42730
6053
36961
81494
4073
7541
56729
1896
81687
47331
7460
36514
23326
71559
54658
31177
12639
39810
60457
58241
67108
57240
82040
32004
60370
81864
43173
5613
47504
21002
21408
24925
53149
23098
83623
77718
48749
34508
84571
37950
51672
14360
31662
27479
27304
38716
14455
54023
64575
75012
29125
4019
27676
86169
40907
69589
38146
4748
38569
80520
98482
50791
83503
28227
44781
19994
18146
70839
239
422
15795
81021
20907
67780
48593
73811
31429
33066
85149
93923
61551
30410
28218
3509
33309
37830
57533
70483
35037
63383
19491
35594
34632
37188
57224
27990
93861
18439
23360
95390
68884
29383
42265
9457
79054
64150
52355
23688
88447
43529
84358
87529
89352
16770
34818
17529
47907
22278
89288
60159
8502
64616
4757
12180
72533
71315
75330
69850
85711
24627
4920
4120
32116
24172
93996
32460
51415
68723
58543
4933
49239
70196
43846
89929
3461
44504
20086
92127
35991
12151
92902
19366
23031
73706
5991
3207
57945
35560
4285
66955
75927
76798
16079
23139
79698
76002
93636
85777
25740
6979
57970
84049
24251
68947
87696
38506
57485
64974
14437
76638
82706
37886
45412
62491
80827
20824
98050
67569
4513
36938
73157
75878
92119
25850
84656
10155
20911
62875
81025
72864
52942
8505
42336
49936
12024
30756
22034
27280
48146
80324
27437
27490
77979
86
11677
25276
61138
32002
70429
824
85176
64718
40967
77079
64281
1921
39286
94829
5703
69418
43742
91286
66822
53111
9944
4036
68414
85819
21895
38329
92557
92642
58959
90380
5618
85349
20871
79793
44693
21553
67367
93906
81038
85684
70786
46344
76504
75635
30586
54914
65544
22618
20422
79429
82259
63012
56089
67686
28120
36118
70719
52406
57564
75775
41955
3930
3477
6949
14320
92072
38802
74757
79105
62490
94383
44129
65400
23709
93892
15898
54095
92088
49786
58112
15101
94009
6872
24992
77523
92669
81068
95883
27504
36608
44208
58569
6731
26703
77153
59594
33140
83795
34933
63284
54427
77683
59502
25361
30060
9598
98262
95618
49579
84250
24512
1199
21590
69592
80891
29963
44734
21466
74440
99441
50153
58990
27009
58421
216
2198
1548
406
42077
60835
34871
55551
38038
9406
18235
53878
36182
6915
25058
19773
79682
98739
63371
36052
86299
13228
80848
71596
99543
85617
46249
5446
82104
51716
77986
13701
58265
10143
61176
77301
10329
91662
3581
26808
36060
34912
42750
43823
50533
59885
95141
71318
59009
61524
76682
58062
27112
87131
93485
24892
40719
29264
78889
92842
54192
74216
29190
68261
62352
45926
39110
81529
16776
1892
50311
67276
41196
83079
4058
19271
59620
43607
98843
85635
11291
56073
58402
43789
30448
24170
93140
74426
3318
86569
52661
57497
84155
73744
56873
76009
89651
96572
77384
4697
50641
70963
43425
17672
95706
49963
26006
39440
99462
96078
93284
59694
82903
91578
95952
91291
28189
14952
91360
11595
46127
74737
20909
59720
92990
79925
92281
72441
11047
91243
39861
41910
45313
66545
54772
68379
81432
62860
25017
5288
68834
58756
88289
62279
88667
19891
72952
66013
87413
55840
48911
34663
76051
46086
85246
77486
55354
98171
58667
87698
86164
70103
24962
29316
96007
4278
4104
22386
72238
16517
27469
28064
44650
20990
72342
95430
20822
4511
57561
47795
13201
64923
58627
53667
32948
36957
30512
82864
554
4209
63245
31631
3157
2578
77611
31779
82480
91894
92583
28577
85421
71334
36229
92890
94344
42371
68285
55609
48061
29070
45696
72125
16075
2076
47853
85544
60602
31388
63866
50149
51342
45099
68496
38293
56578
97403
51720
66255
10792
15352
99828
79052
95409
20406
19793
84125
85004
61383
13691
42944
76908
70264
624
19386
9041
25226
721
1718
32107
4645
94116
17152
59922
78492
23159
97900
51641
32696
95126
88903
13524
55409
86125
61678
6326
86729
72629
43509
45581
79381
98990
35191
4992
87030
49472
18295
57883
34556
2677
16106
58263
72429
38486
51166
19763
71129
22879
60220
88572
27825
1135
80623
66876
99601
20121
82964
27056
58555
61269
29699
94756
86075
37829
95942
19078
72706
41912
98994
68031
108
52338
12111
11967
42547
79235
93824
50160
88056
24458
44070
63338
74592
2348
56890
31750
20330
80644
76604
1140
81512
29289
8270
99807
19721
20820
47838
83760
13763
30335
59183
66633
43826
76428
41521
27657
84593
22832
69130
70777
72334
51697
63215
75168
40924
44096
16994
43234
31131
53383
53345
15124
22799
47328
36312
11565
14928
8690
6383
12875
34226
69402
1265
757
16896
18422
40133
13140
45535
39295
98862
45
92507
37663
59652
63249
621
58077
15446
58456
70101
58323
79137
99903
60412
94126
4660
87314
36912
9398
34280
2857
27792
5526
264
20635
26413
84599
61450
52508
11461
70648
19952
56573
80418
72999
46871
59972
18197
83679
87575
95349
84460
85445
5584
917
16293
36032
22760
23822
9329
58352
9305
1849
50526
98106
72521
12775
52392
9658
82037
41425
17072
78597
81968
97677
48783
49731
54385
42440
83412
46253
9172
66442
68323
10804
52426
74
78439
93359
26688
34333
73146
37335
76251
49402
17868
62963
48359
67743
31926
40411
68810
77142
84416
39233
58670
61281
66409
96605
58973
5521
23459
38791
56618
21884
60
6783
29342
13207
19438
32791
95273
26098
90927
86442
94582
61027
15843
73690
87517
20185
74129
89275
47432
99783
31768
56371
71404
10040
24417
30974
21486
28090
55154
65147
85036
87140
41100
10798
89298
6372
64239
64355
53891
13045
52570
23661
71384
48761
71228
86740
80700
26196
87280
31138
45553
31611
82774
890
69522
26364
4147
77589
5140
33343
7713
75799
93668
62343
51989
90129
35038
30527
38761
67952
55385
43553
4518
84174
34523
54978
11808
16541
68567
30080
9860
48384
97891
97420
67086
87177
81367
84131
33716
47976
44957
27008
34261
95749
74715
33890
25891
88651
58457
27610
7138
84778
85340
75641
44775
15508
24106
55362
79747
89957
28658
13362
32658
57479
52779
1067
3425
78056
